2 0 0.4703083
2 1 0.6196339
2 2 0.6171883
3 0 0.6877790000000001
3 1 1.0443582999999999
3 2 0.8810434000000003
4 0 1.0245452000000004
4 1 1.4047195000000006
4 2 1.2092280000000004
5 0 1.8295104000000002
5 1 2.1171147999999995
5 2 1.6633644000000007
5 0 1.3127766000000012
5 1 1.9178112999999986
5 2 1.6740742000000033
5 0 1.5952553999999992
5 1 2.078790399999999
5 2 1.7040441999999985
6 0 2.1101428999999996
6 1 2.429316400000001
6 2 2.0505046999999976
6 0 2.064767500000002
6 1 2.5582925000000003
6 2 2.186862699999999
6 0 2.022013600000001
6 1 2.5931422999999967
6 2 2.182136700000001
7 0 2.607303199999997
7 1 2.9020002000000034
7 2 2.4818488000000016
7 0 2.6360639999999975
7 1 3.0487224000000026
7 2 2.6005454999999955
7 0 3.0920863000000054
7 1 3.374136500000006
7 2 2.6889201000000043
7 0 2.594427699999997
7 1 3.125386599999999
7 2 2.6384822000000128
7 0 2.243183799999997
7 1 2.8896040000000056
7 2 2.641181000000003
7 0 2.8091526999999985
7 1 3.3010696999999993
7 2 2.7800656000000004
7 0 3.4777500000000003
7 1 3.7301001000000014
7 2 2.8141319000000067
7 0 3.3609703999999994
7 1 3.642072200000001
7 2 2.768067600000009
7 0 2.5670075999999966
7 1 3.173377700000003
7 2 2.7065271999999965
8 0 3.114061899999996
8 1 3.5605091000000044
8 2 3.189084099999974
8 0 3.739245100000005
8 1 4.136201099999994
8 2 3.287573100000003
8 0 4.065845400000001
8 1 4.251088399999986
8 2 3.38257040000002
8 0 3.789984000000004
8 1 4.1828404000000035
8 2 3.3653467999999975
8 0 3.8682952999999998
8 1 4.168881900000002
8 2 3.3130411999999865
8 0 3.7791903000000104
8 1 4.096988900000014
8 2 3.402232500000025
8 0 3.6405129999999986
8 1 4.169885800000003
8 2 3.4111706999999853
8 0 4.171978999999993
8 1 4.474057299999998
8 2 3.3941275999999903
9 0 5.317609500000003
9 1 5.240966400000019
9 2 4.034833400000025
9 0 4.890441699999997
9 1 5.124165699999992
9 2 4.050648499999994
9 0 5.393687299999982
9 1 5.415553100000011
9 2 4.131896299999994
9 0 5.213556900000015
9 1 5.288871400000005
9 2 4.147441200000003
9 0 4.528827100000001
9 1 4.911839000000043
9 2 4.107325500000002
9 0 3.441280200000051
9 1 4.30154749999997
9 2 4.025219899999968
9 0 5.426884200000018
9 1 5.567489200000011
9 2 4.309575199999983
9 0 4.327099299999986
9 1 4.776917699999956
9 2 4.1102710000000116
9 0 3.922624600000006
9 1 4.475111799999979
9 2 4.038806499999964
9 0 4.688224099999957
9 1 5.005207800000051
9 2 4.2079327999999805
9 0 4.196136999999965
9 1 4.610417699999971
9 2 4.075439700000004
9 0 5.0751394999999775
9 1 5.273746000000017
9 2 4.209572100000003
9 0 4.20201979999996
9 1 4.666563100000019
9 2 4.1159423999999944
9 0 5.043436900000017
9 1 5.292809599999998
9 2 4.188758500000006
10 0 5.873942199999988
10 1 5.743121099999996
10 2 4.578512599999954
10 0 5.877459999999985
10 1 5.826974800000016
10 2 4.700977500000022
10 0 4.986303099999986
10 1 5.343567899999982
10 2 4.668149199999959
10 0 5.402799200000004
10 1 5.792238999999995
10 2 4.793018899999993
10 0 5.783504499999992
10 1 5.786141600000008
10 2 4.843199699999957
10 0 5.956683399999974
10 1 5.98094530000003
10 2 4.856075299999986
10 0 5.939337099999989
10 1 5.872715500000027
10 2 4.880920500000002
10 0 5.105496600000038
10 1 5.406801599999994
10 2 4.751759399999969
10 0 5.485405499999956
10 1 5.637699999999995
10 2 4.849181299999941
10 0 5.814654300000029
10 1 6.045121199999926
10 2 4.941632799999979
10 0 5.379175800000098
10 1 5.889874599999985
10 2 4.903301800000008
10 0 5.3479995000000145
10 1 5.636325800000009
10 2 4.863794699999971
10 0 5.413597099999947
10 1 5.837988199999927
10 2 4.868725300000051
10 0 5.359885599999984
10 1 5.627862600000071
10 2 4.867986799999926
11 0 6.418858500000056
11 1 6.170109600000046
11 2 5.087369600000102
11 0 7.077063599999974
11 1 6.831064399999946
11 2 5.463742000000025
11 0 6.440766999999937
11 1 6.122847400000069
11 2 5.310221700000056
11 0 7.162576700000045
11 1 6.707214600000043
11 2 5.414855999999986
11 0 6.845102399999973
11 1 6.6578441999999995
11 2 5.449726100000021
11 0 5.992429799999968
11 1 6.119397700000036
11 2 5.3489071000000195
11 0 7.72447939999995
11 1 7.274407799999949
11 2 5.691232000000014
11 0 5.8452188999999635
11 1 6.115623500000083
11 2 5.414148400000045
11 0 7.328738700000031
11 1 7.028674300000034
11 2 5.635306900000046
11 0 7.33338619999995
11 1 6.883619099999919
11 2 5.638870500000053
11 0 8.001682699999947
11 1 7.716216499999973
11 2 5.7869322999999895
11 0 7.315238300000033
11 1 7.0605653000000075
11 2 5.6878097000000025
11 0 6.246339900000066
11 1 6.402444899999978
11 2 5.535063700000023
11 0 7.577766799999949
11 1 7.326592000000005
11 2 5.747155499999963
12 0 7.095219199999974
12 1 6.919164600000045
12 2 6.09873929999992
12 0 8.250572300000044
12 1 7.792097199999944
12 2 6.350469799999928
12 0 8.574793500000055
12 1 7.920398299999988
12 2 6.3495490000000245
12 0 9.323782000000051
12 1 8.271816000000058
12 2 6.483216200000015
12 0 7.663541699999996
12 1 7.761033099999963
12 2 6.443660799999975
12 0 8.528748299999961
12 1 8.161410899999964
12 2 6.507596000000149
12 0 8.57612180000001
12 1 8.172112300000208
12 2 6.505752699999903
12 0 8.11807859999999
12 1 7.7861118999999235
12 2 6.505073300000049
12 0 7.682636300000013
12 1 7.480658200000107
12 2 6.492299699999876
12 0 8.237467700000025
12 1 7.990278199999921
12 2 6.457966499999884
12 0 7.226031599999942
12 1 7.417067000000088
12 2 6.3941253000000415
12 0 8.090161399999943
12 1 7.873886200000015
12 2 6.498566600000004
12 0 7.811168400000042
12 1 7.755899199999931
12 2 6.44285160000004
12 0 8.748862199999849
12 1 8.049719699999969
12 2 6.517014699999891
13 0 9.297967700000072
13 1 8.522999900000059
13 2 6.931827400000202
13 0 8.828208299999915
13 1 8.361559599999964
13 2 7.148331899999903
13 0 9.513097500000185
13 1 8.872330300000158
13 2 7.187329500000033
13 0 9.807567600000084
13 1 9.007805100000041
13 2 7.274654600000076
13 0 9.426776200000177
13 1 8.909462800000028
13 2 7.232303000000002
13 0 9.39832649999994
13 1 8.633297600000105
13 2 7.258817299999919
13 0 10.184556600000178
13 1 9.34930959999997
13 2 7.491184100000055
13 0 8.751595500000121
13 1 8.441841300000078
13 2 7.224409200000082
13 0 8.833776800000123
13 1 8.536504400000013
13 2 7.234888100000035
13 0 9.001927100000103
13 1 8.459372300000041
13 2 7.207690899999989
13 0 10.04530869999985
13 1 9.416687700000011
13 2 7.5061955000001035
13 0 8.795343199999934
13 1 8.57695179999996
13 2 7.317894999999908
13 0 7.735768999999891
13 1 7.917529400000149
13 2 7.179824800000006
13 0 9.284982499999842
13 1 8.790127699999857
13 2 7.347771400000056
14 0 9.703645300000062
14 1 8.699314799999911
14 2 7.800731799999994
14 0 9.64800050000008
14 1 9.140925100000004
14 2 7.880609499999991
14 0 12.003051499999856
14 1 10.504070899999988
14 2 8.345700400000169
14 0 12.932155599999987
14 1 11.233694499999956
14 2 8.449330300000156
14 0 11.180618700000196
14 1 10.067095000000108
14 2 8.195236000000023
14 0 11.807365699999991
14 1 10.560647600000038
14 2 8.287854000000152
14 0 9.919816300000093
14 1 9.728176100000155
14 2 8.228825199999847
14 0 10.735316799999964
14 1 9.932032100000015
14 2 8.18131870000002
14 0 11.774628399999983
14 1 10.650814600000103
14 2 8.274410599999783
14 0 9.639724299999898
14 1 9.3179497000001
14 2 8.05679299999997
14 0 9.633391699999947
14 1 9.337405600000011
14 2 8.058111699999927
14 0 11.45016069999997
14 1 10.372093999999834
14 2 8.39281219999998
14 0 10.779994600000009
14 1 9.954162100000076
14 2 8.191061900000022
14 0 11.567657800000006
14 1 10.652571399999943
14 2 8.385219000000006
15 0 13.234146799999962
15 1 10.816618700000163
15 2 8.740328599999884
15 0 11.429769999999962
15 1 9.913494299999911
15 2 8.440199299999904
15 0 13.147314199999755
15 1 11.288467599999876
15 2 8.947932900000069
15 0 12.036405300000297
15 1 10.65020340000001
15 2 8.833566899999823
15 0 12.07381260000011
15 1 10.62852010000006
15 2 8.868890499999907
15 0 13.21791549999989
15 1 11.47873189999973
15 2 9.115275999999994
15 0 12.466759999999795
15 1 11.156853599999977
15 2 9.066784499999812
15 0 13.66659000000027
15 1 11.546485299999858
15 2 9.20458379999991
15 0 11.458795700000337
15 1 10.45709769999985
15 2 8.890692399999807
15 0 9.52866210000002
15 1 9.323616799999854
15 2 8.67703739999979
15 0 12.84845660000019
15 1 11.311889500000234
15 2 9.23353840000027
15 0 11.99946890000001
15 1 10.954634400000032
15 2 9.060210800000277
15 0 14.973120699999981
15 1 12.716407700000218
15 2 9.525331199999982
15 0 11.478605100000095
15 1 10.353441900000234
15 2 9.047418300000118
16 0 11.562191900000016
16 1 10.799902899999779
16 2 9.671759500000007
16 0 13.37667730000021
16 1 12.07586399999991
16 2 10.061036200000217
16 0 15.90702740000006
16 1 13.306092300000273
16 2 10.377462200000082
16 0 14.088002200000119
16 1 12.46610630000032
16 2 10.222350599999572
16 0 14.757669800000258
16 1 12.857998800000132
16 2 10.287267500000326
16 0 13.441503499999726
16 1 12.171734099999867
16 2 10.180216100000052
16 0 13.416439000000082
16 1 12.135229900000013
16 2 10.194452600000204
16 0 14.176810800000112
16 1 12.537165000000186
16 2 10.374712499999987
16 0 14.572041100000206
16 1 12.911072500000046
16 2 10.288971599999968
16 0 13.248064100000192
16 1 12.21982799999978
16 2 10.34546040000032
16 0 15.990890300000046
16 1 13.855197600000338
16 2 10.671754399999827
16 0 14.62556110000014
16 1 12.936142199999722
16 2 10.415672800000266
16 0 13.444412400000147
16 1 12.259681600000022
16 2 10.25897329999998
16 0 17.15472550000004
16 1 14.648050100000091
16 2 10.783579300000383
17 0 17.022901700000148
17 1 13.930510199999844
17 2 10.957814799999596
17 0 16.15241530000003
17 1 13.3888551
17 2 10.897731900000053
17 0 14.44398080000019
17 1 12.860852400000113
17 2 10.67901780000011
17 0 13.215912900000149
17 1 11.373193299999912
17 2 10.249893399999564
17 0 16.867748699999993
17 1 14.21895880000011
17 2 11.165200800000093
17 0 18.179146400000263
17 1 14.646984100000282
17 2 11.269875500000126
17 0 15.827975700000025
17 1 13.99610709999979
17 2 11.219720600000073
17 0 15.697445600000265
17 1 13.714420900000277
17 2 11.143425499999921
17 0 17.774458900000354
17 1 15.091105599999992
17 2 11.569994300000417
17 0 18.0363155
17 1 14.84977489999983
17 2 11.503568899999664
17 0 16.073121999999785
17 1 13.590384900000117
17 2 11.213042300000325
17 0 15.92187389999981
17 1 13.733608200000162
17 2 11.267183500000101
17 0 18.19529730000022
17 1 15.402673499999764
17 2 11.699219500000254
17 0 15.73603439999988
17 1 13.76822919999995
17 2 11.560034099999939
18 0 17.271490399999948
18 1 14.679766799999925
18 2 12.071576299999833
18 0 17.971676900000148
18 1 14.795432100000198
18 2 12.090986499999872
18 0 19.376929800000198
18 1 16.406205799999952
18 2 12.40604489999987
18 0 17.838943799999925
18 1 15.146408300000076
18 2 12.198079400000097
18 0 17.845992200000182
18 1 14.71663209999997
18 2 12.129106899999897
18 0 20.551830300000347
18 1 16.752439500000037
18 2 12.63132459999997
18 0 18.515543799999705
18 1 15.351606199999878
18 2 12.448082500000055
18 0 20.562804499999856
18 1 16.807021500000246
18 2 12.602532500000052
18 0 18.216111100000035
18 1 15.565845000000081
18 2 12.399438300000384
18 0 19.205097000000023
18 1 15.738863300000048
18 2 12.427012300000115
18 0 14.996711499999947
18 1 13.502353400000175
18 2 11.738342499999817
18 0 17.848967800000082
18 1 15.273679899999934
18 2 12.359536100000241
18 0 16.596548299999995
18 1 14.674726299999747
18 2 12.30933030000051
18 0 18.642739099999744
18 1 16.10408069999994
18 2 12.6135419000002
19 0 17.04463020000003
19 1 14.519709799999873
19 2 12.849640599999475
19 0 20.263729799999965
19 1 16.778859100000773
19 2 13.38173259999985
19 0 20.873411999999917
19 1 17.36698939999951
19 2 13.42707530000007
19 0 18.842108899999403
19 1 15.903316200000518
19 2 13.281926900000144
19 0 20.15503930000068
19 1 16.705197600000247
19 2 13.309010400000261
19 0 20.30800470000031
19 1 16.81312909999997
19 2 13.48957160000009
19 0 20.90947589999996
19 1 17.316965300000447
19 2 13.506684700000733
19 0 17.96991479999997
19 1 15.596254800000679
19 2 13.227892500000053
19 0 19.04024539999955
19 1 16.26779170000009
19 2 13.284801299999344
19 0 20.35985879999953
19 1 17.400475400000687
19 2 13.670959000000039
19 0 18.764217400000234
19 1 16.159528999999566
19 2 13.337545299999874
19 0 17.5501275000006
19 1 15.693648499999654
19 2 13.219506200000069
19 0 20.2773116999997
19 1 17.044422200000554
19 2 13.610178599999927
19 0 21.39448859999993
19 1 17.49016810000012
19 2 13.701883900000212
19 0 20.080809699999918
19 1 17.29929329999959
19 2 13.781841999999415
20 0 18.988114399999176
20 1 16.228657999999996
20 2 14.071322300000247
20 0 22.739569100000153
20 1 18.933063000000402
20 2 14.701140499999383
20 0 20.64008230000036
20 1 17.56850630000008
20 2 14.715156100000058
20 0 21.958487400000195
20 1 18.422881500000585
20 2 14.771385500000179
20 0 22.767355299999508
20 1 19.227215300000353
20 2 14.975393300000178
20 0 22.83023520000006
20 1 19.42770930000006
20 2 15.431020099999841
21 0 22.932221799999752
21 1 18.217125099999976
21 2 15.419043400000191
21 0 25.55612949999977
21 1 21.34344020000026
21 2 16.260135499999706
21 0 25.31176200000027
21 1 21.045042400000057
21 2 16.355673600000046
21 0 27.17144459999963
21 1 22.016095300000416
21 2 16.568120400000225
21 0 23.048687399999835
21 1 19.324302500000158
21 2 15.954303000000436
21 0 22.009699700000056
21 1 19.175671599999987
21 2 16.073584599999776
21 0 24.873942199999874
21 1 20.658281500000157
21 2 16.423748400000477
21 0 22.357140099999924
21 1 19.346750799999427
21 2 16.273773300000357
21 0 23.031056499999977
21 1 19.85475529999985
21 2 16.132536000000073
22 0 22.56811099999959
22 1 19.23444329999984
22 2 16.783664999999928
22 0 25.01467649999995
22 1 21.081032699999923
22 2 17.337814100000287
22 0 25.87156370000048
22 1 21.48114009999972
22 2 17.778109800000493
22 0 29.185823800000435
22 1 23.42054089999965
22 2 17.973251000000346
22 0 30.29123139999956
22 1 24.615604599999642
22 2 18.35261999999966
22 0 26.775726800000484
22 1 22.609453100000792
22 2 18.02801350000027
23 0 30.51841719999993
23 1 25.04026640000029
23 2 19.059859399999368
23 0 25.90036719999989
23 1 21.777832600000693
23 2 18.246233300000313
23 0 28.646877299999687
23 1 23.45295990000068
23 2 19.051103099999636
23 0 29.438973199999964
23 1 23.381495599999653
23 2 19.035079199999927
23 0 24.91604290000032
23 1 21.641626800000267
23 2 18.72123389999979
23 0 28.22043829999984
23 1 23.17652899999939
23 2 19.368823699999666
23 0 26.41765480000049
23 1 22.39204680000057
23 2 18.568537899999683
23 0 29.99794800000018
23 1 24.52369550000003
23 2 19.320809499999996
23 0 28.518812000000253
23 1 23.798082099999192
23 2 19.314092999999957
23 0 29.278348099999675
23 1 24.468171999999868
23 2 19.418703299999834
24 0 28.819633299999623
24 1 23.815406299999268
24 2 20.161755500000254
24 0 29.09015939999972
24 1 25.310985199999777
24 2 20.773277500000404
24 0 33.4144368999996
24 1 27.153222000000824
24 2 21.00100089999978
25 0 31.145379499999763
25 1 25.080683600000157
25 2 21.297045799999978
25 0 36.76944170000024
25 1 28.8860394000003
25 2 21.936391899999762
25 0 34.95363219999945
25 1 27.49068989999978
25 2 22.224638400000003
25 0 37.20127779999984
25 1 29.710160300000098
25 2 22.353074900000138
25 0 32.06196389999968
25 1 26.545853499999794
25 2 21.77754819999973
25 0 32.75862760000018
25 1 26.360137500000747
25 2 21.935504900000524
25 0 32.363596600000164
25 1 26.386244899999838
25 2 22.12619640000048
25 0 36.261580100000174
25 1 28.802480899999864
25 2 22.420919300000605
25 0 34.280103000000054
25 1 28.373575300000084
25 2 22.09341249999943
25 0 32.99100199999975
25 1 26.95414720000008
25 2 22.24048479999965
26 0 36.8934362
26 1 28.783897199999956
26 2 23.486535099999855
26 0 38.44158799999968
26 1 30.694403799999236
26 2 24.227002800000264
26 0 31.8591234000005
26 1 27.188846600000034
26 2 23.61289939999915
26 0 37.72370880000017
26 1 30.46641880000061
26 2 24.354944099999557
26 0 35.35751840000012
26 1 29.831674200000634
26 2 24.11985370000002
26 0 33.15829349999876
26 1 27.802233499998692
26 2 23.54607810000016
26 0 34.161951000000045
26 1 28.445393500000137
26 2 23.892093899999963
27 0 42.63507480000044
27 1 33.07978120000007
27 2 25.316040599998814
27 0 34.31424160000097
27 1 28.46536080000078
27 2 24.950218399999358
27 0 44.11215129999982
27 1 34.60549920000085
27 2 26.048992
27 0 38.61183010000059
27 1 31.979256700000406
27 2 25.602707199999713
27 0 40.51597899999979
27 1 32.73700250000002
27 2 25.99862800000119
27 0 39.476823399998466
27 1 32.16038010000011
27 2 26.087047099999836
27 0 42.53577250000126
27 1 34.45319079999899
27 2 26.42763770000056
27 0 41.496577899999465
27 1 32.471267400000215
27 2 25.99706250000054
27 0 39.1187321999987
27 1 31.912597399999868
27 2 26.260476099998414
28 0 40.99646500000017
28 1 33.0847475999999
28 2 26.337550199999896
28 0 45.98609220000071
28 1 35.54538429999957
28 2 27.26132250000046
28 0 45.299935600000026
28 1 35.805005499998515
28 2 27.597864599998502
28 0 40.104162699999506
28 1 33.34117850000075
28 2 27.23888369999986
28 0 39.70025800000076
28 1 33.22959119999905
28 2 27.054990499998894
28 0 40.85147379999944
28 1 32.424759300000005
28 2 26.759998900000937
29 0 46.18536619999941
29 1 35.50480510000125
29 2 28.25331709999955
29 0 47.17438249999941
29 1 37.37400330000128
29 2 29.041700599998876
29 0 47.84179260000019
29 1 37.71657810000033
29 2 29.41714360000151
29 0 52.60924100000011
29 1 40.80583139999908
29 2 30.000270600001386
29 0 41.07875140000033
29 1 33.39804559999902
29 2 28.39441099999931
29 0 48.78975100000025
29 1 37.42146739999953
29 2 29.580786700000317
29 0 45.724554599999465
29 1 36.521563700000115
29 2 29.135203099998762
29 0 43.25857449999967
29 1 35.587792599999375
29 2 29.021949799998765
29 0 47.125392199999624
29 1 37.442705399998886
29 2 29.74181250000038
29 0 49.17060800000036
29 1 38.086606500000926
29 2 29.337381500001356
30 0 50.93169510000007
30 1 39.22903810000025
30 2 31.31873330000053
30 0 53.13987610000004
30 1 40.99724590000005
30 2 31.997403200000917
30 0 45.141190799999094
30 1 36.55694779999976
30 2 30.712241999999605
30 0 55.39004439999917
30 1 42.30134080000062
30 2 32.54316379999909
30 0 52.20266500000071
30 1 40.12129499999901
30 2 31.879881799999566
31 0 55.80207630000041
31 1 42.64141449999988
31 2 33.51540670000031
31 0 53.451107000000775
31 1 40.58345740000004
31 2 33.10983040000065
31 0 54.221867199999906
31 1 41.15290510000159
31 2 33.71170879999954
31 0 57.57520839999961
31 1 43.64591329999894
31 2 34.10170720000133
31 0 59.14175849999992
31 1 44.042012399999294
31 2 34.404017299999396
31 0 54.81328129999929
31 1 41.31912209999973
31 2 33.39447709999877
31 0 53.77117580000049
31 1 41.33303569999953
31 2 33.81758219999938
31 0 56.052546200000506
31 1 42.830656199999794
31 2 34.33573500000057
31 0 60.621643099999346
31 1 45.129362099998616
31 2 34.90256659999977
31 0 55.29575950000071
31 1 41.73941080000077
31 2 33.461715400000685
31 0 55.89418889999979
31 1 42.98233970000001
31 2 34.32768699999906
32 0 56.92693210000107
32 1 42.73328800000127
32 2 35.488684199999625
32 0 55.736052299998846
32 1 43.69714050000039
32 2 35.4167264000007
32 0 61.07880709999881
32 1 46.41222899999957
32 2 36.52774430000136
32 0 58.21629969999958
32 1 44.00731700000142
32 2 36.19436400000086
32 0 60.17848360000062
32 1 46.41861590000008
32 2 36.57399590000023
32 0 52.368639899999835
32 1 41.015227400001095
32 2 35.366396299999906
