1535 0 14.343081699999999
1535 1 9.6866281
1535 2 7.466291200000001
1535 0 15.172818800000002
1535 1 11.299046700000005
1535 2 7.319844699999997
1535 0 15.031929599999998
1535 1 11.522071600000004
1535 2 8.295585599999995
1535 0 14.836342899999991
1535 1 9.7823049
1535 2 7.817209299999988
1535 0 14.483356399999991
1535 1 10.862380400000006
1535 2 7.468834999999984
1535 0 13.935544399999998
1535 1 9.60448070000001
1535 2 7.362639100000024
1535 0 15.584576200000015
1535 1 9.723588500000005
1535 2 7.676366300000012
1535 0 15.211528200000004
1535 1 10.026750599999986
1535 2 7.523302799999982
1535 0 14.733581100000038
1535 1 9.461486400000013
1535 2 7.348218499999973
1535 0 15.02305199999995
1535 1 9.500458100000003
1535 2 7.391354499999977
2047 0 29.64187400000003
2047 1 20.447853399999985
2047 2 17.518563500000027
2047 0 28.142337399999974
2047 1 19.76899400000002
2047 2 16.02546890000002
2047 0 31.560696899999982
2047 1 20.107715499999983
2047 2 16.135548200000017
2047 0 28.625812399999973
2047 1 20.258557099999962
2047 2 15.064261099999953
2047 0 29.27117099999998
2047 1 19.543593200000032
2047 2 15.505233999999973
2047 0 29.257626600000094
2047 1 19.914951900000005
2047 2 15.089475099999959
2047 0 29.255393500000082
2047 1 21.662535299999945
2047 2 15.633944799999995
2047 0 29.466073600000072
2047 1 20.686350199999993
2047 2 16.1537151
2047 0 32.53395260000002
2047 1 20.13731759999996
2047 2 16.09453129999997
2047 0 30.210386099999937
2047 1 20.992926500000067
2047 2 15.817717899999934
3071 0 81.9890094000001
3071 1 59.8107915999999
3071 2 45.274298600000066
3071 0 78.51558040000009
3071 1 58.12857800000006
3071 2 44.59211120000009
3071 0 79.3511761000002
3071 1 58.13527260000001
3071 2 45.4816186999999
3071 0 79.68369230000008
3071 1 58.92796909999993
3071 2 44.43599130000007
3071 0 79.56803430000014
3071 1 58.149661899999955
3071 2 44.736290000000054
3071 0 79.5633326000002
3071 1 58.73642679999989
3071 2 44.46103300000004
3071 0 78.98948970000038
3071 1 58.37415699999974
3071 2 44.78650629999993
3071 0 80.53157009999995
3071 1 59.0579474000001
3071 2 45.58633470000041
3071 0 81.37408880000021
3071 1 58.67243159999998
3071 2 44.81267879999996
3071 0 79.99068660000012
3071 1 58.87284240000008
3071 2 45.895135799999935
4031 0 187.52916770000002
4031 1 132.4799493999999
4031 2 100.12922170000002
4031 0 185.04626129999997
4031 1 130.67185429999972
4031 2 100.22706139999991
4031 0 190.2043822999999
4031 1 133.07520169999998
4031 2 97.9906860000001
4031 0 187.7025507000003
4031 1 129.40958990000036
4031 2 99.40352689999963
4031 0 189.33475550000003
4031 1 131.87592309999945
4031 2 97.51149979999991
4031 0 186.58708639999986
4031 1 131.48908990000018
4031 2 98.58602840000003
4031 0 187.91401700000006
4031 1 130.77793259999999
4031 2 99.15596880000066
4031 0 188.96591869999975
4031 1 131.4315945999997
4031 2 101.41986069999984
4031 0 188.64853239999957
4031 1 130.81269679999969
4031 2 97.77549120000003
4031 0 186.28054410000004
4031 1 131.04660270000022
4031 2 100.77976089999993
1535 0 15.0360834
1535 1 9.656564099999999
1535 2 7.9309379
1535 0 14.561491400000001
1535 1 9.646062
1535 2 7.837269000000006
1535 0 14.398739199999994
1535 1 9.862756900000008
1535 2 7.4968370000000135
1535 0 14.655976100000004
1535 1 10.019463000000002
1535 2 7.564705900000007
1535 0 14.923069300000009
1535 1 10.178902899999997
1535 2 7.435237400000005
1535 0 15.130079899999998
1535 1 9.924885000000017
1535 2 8.2364393
1535 0 14.833675900000003
1535 1 9.663427299999995
1535 2 7.753981199999998
1535 0 15.148736299999996
1535 1 10.031005800000003
1535 2 7.865130100000016
1535 0 15.389399300000036
1535 1 9.83870109999998
1535 2 7.472753699999998
1535 0 14.946700299999975
1535 1 9.459212100000002
1535 2 7.409244000000001
2047 0 28.897524600000054
2047 1 20.836894299999983
2047 2 16.112430700000004
2047 0 29.87063809999995
2047 1 20.76026780000001
2047 2 16.42771319999997
2047 0 30.43886930000002
2047 1 20.73965340000001
2047 2 15.696044700000016
2047 0 30.703029700000002
2047 1 21.290425899999946
2047 2 15.777325799999971
2047 0 28.798013500000025
2047 1 20.231517199999985
2047 2 16.487893699999972
2047 0 29.18193890000009
2047 1 20.03202920000001
2047 2 15.148675699999899
2047 0 28.876266500000042
2047 1 20.98920659999999
2047 2 16.351821600000108
2047 0 30.910047299999974
2047 1 19.761088599999994
2047 2 15.544531799999959
2047 0 30.45773220000001
2047 1 19.993980899999997
2047 2 15.153838600000086
2047 0 29.39542700000004
2047 1 21.141486099999952
2047 2 17.43921880000005
3071 0 79.36505219999992
3071 1 57.01339709999979
3071 2 44.28275389999999
3071 0 78.13674570000012
3071 1 57.44853340000009
3071 2 44.05019600000014
3071 0 78.99254959999985
3071 1 58.13150089999999
3071 2 44.7586960000001
3071 0 78.96389969999996
3071 1 56.815882399999964
3071 2 44.28095979999989
3071 0 79.2958157999999
3071 1 57.41171740000004
3071 2 45.34203260000004
3071 0 79.52898409999989
3071 1 58.769134899999926
3071 2 44.710101399999985
3071 0 77.63269059999993
3071 1 57.080951599999935
3071 2 44.120132600000034
3071 0 79.90143960000023
3071 1 57.0264702999998
3071 2 44.82344269999976
3071 0 81.41469150000012
3071 1 58.36478360000001
3071 2 45.03425180000022
3071 0 79.37909390000004
3071 1 58.334853100000146
3071 2 45.21816179999996
4031 0 184.88239810000005
4031 1 130.92511580000019
4031 2 99.53687330000002
4031 0 186.1399593000001
4031 1 131.9436608000001
4031 2 98.58679040000015
4031 0 181.45902660000002
4031 1 128.42908369999986
4031 2 99.28530790000013
4031 0 184.16474389999985
4031 1 130.76285599999937
4031 2 99.47095689999969
4031 0 184.11625000000004
4031 1 130.65000529999998
4031 2 98.96047820000058
4031 0 185.50162780000028
4031 1 132.2543857999999
4031 2 100.97346360000029
4031 0 186.50123740000072
4031 1 132.04975300000024
4031 2 101.24868739999965
4031 0 183.43577000000005
4031 1 133.50334509999993
4031 2 101.37188589999914
4031 0 186.21668769999997
4031 1 134.3421742999999
4031 2 99.46724360000007
4031 0 184.8024419000003
4031 1 129.4409929000003
4031 2 98.23068450000028
767 0 3.1921454999999996
767 1 1.9865162999999995
767 2 1.6898618999999995
767 0 3.0194665999999994
767 1 1.8659230000000004
767 2 1.5706703999999991
767 0 3.0820752999999996
767 1 2.2294982999999995
767 2 1.7521582000000002
767 0 2.875233299999998
767 1 2.234488899999999
767 2 1.8488413000000001
767 0 3.0910195000000016
767 1 1.8392854000000014
767 2 1.4386623000000043
767 0 3.205619200000001
767 1 2.2402708000000047
767 2 1.6795752999999962
767 0 3.100126700000004
767 1 1.9678821999999982
767 2 1.4697332000000003
767 0 2.9483651000000037
767 1 1.9571252999999942
767 2 1.5875642000000028
767 0 3.110197399999997
767 1 1.9241902999999994
767 2 1.5297666999999961
767 0 2.977427200000001
767 1 1.8389363999999944
767 2 1.5717831000000047
1023 0 5.310291299999989
1023 1 3.470276399999989
1023 2 2.8179817999999983
1023 0 5.710869400000007
1023 1 3.9084676000000087
1023 2 2.8628953999999993
1023 0 5.961347599999996
1023 1 3.751038600000001
1023 2 2.796513399999995
1023 0 5.725975399999996
1023 1 3.5664203999999984
1023 2 2.888935900000007
1023 0 5.869800100000006
1023 1 3.7444520000000097
1023 2 2.8610128000000117
1023 0 5.409315200000009
1023 1 3.456634400000013
1023 2 2.9897930999999858
1023 0 5.688922700000006
1023 1 3.7117233999999826
1023 2 2.895599699999991
1023 0 5.756363299999975
1023 1 3.8290066999999794
1023 2 2.847087899999991
1023 0 5.957604400000008
1023 1 4.2707989999999825
1023 2 3.0090091000000143
1023 0 6.106669699999998
1023 1 3.795538100000016
1023 2 3.271043999999989
1535 0 15.334315500000002
1535 1 10.1005902
1535 2 8.428647100000006
1535 0 15.276143999999988
1535 1 10.4299101
1535 2 8.114754500000004
1535 0 15.87919439999996
1535 1 10.2984108
1535 2 7.737933499999997
1535 0 15.663387100000023
1535 1 10.061361399999953
1535 2 8.892602699999998
1535 0 15.353619600000002
1535 1 10.44380769999998
1535 2 7.630710900000054
1535 0 15.205766100000005
1535 1 10.817865499999982
1535 2 7.740916299999981
1535 0 15.459058000000027
1535 1 10.476241999999957
1535 2 8.014360899999986
1535 0 15.285772000000009
1535 1 10.877546999999993
1535 2 8.287229200000013
1535 0 15.41890550000005
1535 1 10.635491100000024
1535 2 7.942118800000003
1535 0 15.186462399999982
1535 1 10.856371399999944
1535 2 7.988211299999989
2047 0 29.595608500000026
2047 1 20.387202099999968
2047 2 16.554332599999952
2047 0 30.50242979999996
2047 1 21.080587000000037
2047 2 16.06236869999998
2047 0 30.436118799999917
2047 1 20.56156610000005
2047 2 15.89307980000001
2047 0 30.553765699999985
2047 1 20.687841500000104
2047 2 16.20744389999993
767 0 2.9923859
767 1 1.9266294999999998
767 2 1.6038297999999998
767 0 3.3040291999999996
767 1 2.022709899999999
767 2 1.656400099999999
767 0 3.1120178000000003
767 1 1.9235807999999999
767 2 1.5929594000000016
767 0 3.0014834000000015
767 1 1.8037585000000007
767 2 1.4408363999999985
767 0 2.9257594000000005
767 1 1.9174813999999998
767 2 1.484023399999998
767 0 2.9375597000000013
767 1 1.8925032000000002
767 2 1.6920423999999983
767 0 3.3962101000000047
767 1 2.063023000000001
767 2 1.5534213000000037
767 0 3.198608499999999
767 1 2.3824315999999968
767 2 1.6222434999999962
767 0 3.6264082
767 1 1.9467288999999965
767 2 1.4601406999999966
767 0 3.0430564000000047
767 1 2.081860700000007
767 2 1.8080592999999965
1023 0 6.038370499999999
1023 1 3.4851519000000053
1023 2 2.9033785000000023
1023 0 5.803888600000008
1023 1 3.719748100000004
1023 2 2.944685800000002
1023 0 5.852599699999999
1023 1 3.424265500000004
1023 2 2.7190882999999957
1023 0 5.924776399999999
1023 1 3.736861900000008
1023 2 2.8316441000000054
1023 0 5.947126800000007
1023 1 3.6849320999999975
1023 2 3.012424299999992
1023 0 5.3970740999999975
1023 1 3.791068700000011
1023 2 2.7815676000000167
1023 0 6.245129600000013
1023 1 3.6277093000000207
1023 2 3.06367130000001
1023 0 5.8430271000000005
1023 1 3.5672983999999985
1023 2 2.8802584999999965
1023 0 5.768163799999996
1023 1 3.9546205000000043
1023 2 2.9817416999999864
1023 0 5.713009400000004
1023 1 4.100523199999998
1023 2 2.8017135000000053
1535 0 15.67613270000001
1535 1 11.120031900000015
1535 2 7.999700099999984
1535 0 15.619044599999995
1535 1 9.995867400000009
1535 2 8.167572899999982
1535 0 15.464800600000046
1535 1 10.088365500000009
1535 2 8.537855999999977
1535 0 15.572958200000016
1535 1 10.289832200000035
1535 2 8.204126799999983
1535 0 15.098920399999997
1535 1 10.307682199999988
1535 2 7.845628900000008
1535 0 15.799236399999984
1535 1 10.522657400000014
1535 2 8.234607400000016
1535 0 16.00684799999999
1535 1 10.82794309999997
1535 2 8.407811100000004
1535 0 16.056495799999993
1535 1 10.514361599999972
1535 2 7.866565700000024
1535 0 15.556581999999992
1535 1 10.386033600000019
1535 2 8.325520899999958
1535 0 15.307836000000066
1535 1 10.526774400000022
1535 2 8.059539499999914
2047 0 30.924532200000044
2047 1 22.15978150000001
2047 2 17.845613100000037
2047 0 31.749851700000022
2047 1 21.144677300000012
2047 2 16.931706000000077
2047 0 30.9032684
2047 1 21.796179800000004
2047 2 16.733535200000006
767 0 2.950228
767 1 1.9381942000000003
767 2 1.4430430000000003
767 0 3.0004036000000003
767 1 2.0201928000000002
767 2 1.5323002999999993
767 0 3.0585173
767 1 2.2310008000000003
767 2 1.7631216999999992
767 0 3.1940094000000023
767 1 2.0850839999999984
767 2 1.7658378999999975
767 0 3.2550294000000015
767 1 2.2195208000000015
767 2 1.6665345000000045
767 0 3.3772704000000004
767 1 2.1349434999999986
767 2 1.7384856999999982
767 0 3.305553400000001
767 1 2.124538599999994
767 2 1.6026628999999986
767 0 3.202880499999999
767 1 2.1356325
767 2 1.6518550000000047
767 0 3.4046971
767 1 2.125195699999999
767 2 1.7125219999999999
767 0 3.4415631999999974
767 1 2.0499116999999956
767 2 1.6531915000000055
1023 0 5.849905699999994
1023 1 4.042324600000001
1023 2 3.231562100000005
1023 0 6.3142955
1023 1 3.82327260000001
1023 2 3.2095304000000056
1023 0 6.183408499999999
1023 1 3.8739994000000024
1023 2 3.551992299999995
1023 0 6.443509800000001
1023 1 4.041763700000004
1023 2 3.229400400000003
1023 0 6.108686900000009
1023 1 3.9947231999999815
1023 2 3.158424300000007
1023 0 6.09572159999999
1023 1 4.1482168
1023 2 3.0877146999999923
1023 0 6.2566825999999764
1023 1 3.823678099999995
1023 2 3.1072686999999917
1023 0 6.4503445
1023 1 3.872563999999983
1023 2 2.9381262999999933
1023 0 6.0912911000000065
1023 1 3.948180900000011
1023 2 3.006128100000012
1023 0 6.370827999999989
1023 1 4.2493719
1023 2 3.2370367000000044
1535 0 16.550488400000006
1535 1 11.044466
1535 2 8.832281199999983
1535 0 17.195322299999987
1535 1 10.59165059999998
1535 2 8.225124199999982
1535 0 16.02940269999999
1535 1 10.645814900000005
1535 2 8.427791899999988
1535 0 16.595316200000013
1535 1 11.245583300000021
1535 2 8.384304100000008
1535 0 15.79980740000002
1535 1 11.120103700000016
1535 2 7.918469099999982
1535 0 15.943275699999958
1535 1 10.853020000000015
1535 2 8.89810460000001
1535 0 15.935069999999996
1535 1 10.555475600000022
1535 2 8.411398399999996
1535 0 15.929282599999965
1535 1 10.95769630000001
1535 2 8.165026599999976
1535 0 16.268043799999987
1535 1 10.573959100000025
1535 2 8.759352699999909
767 0 2.3000348
767 1 2.2685513
767 2 1.5792694000000003
767 0 2.7364516000000005
767 1 1.8758769000000015
767 2 1.4467016000000008
767 0 2.5073480999999997
767 1 1.7624126999999987
767 2 1.4166136999999992
767 0 2.6757241999999977
767 1 1.8738817999999995
767 2 1.4676044999999966
767 0 2.4522213000000015
767 1 2.062706200000001
767 2 1.658476099999998
767 0 2.4232435000000017
767 1 1.8924949999999967
767 2 1.5596596000000034
767 0 2.7442960000000056
767 1 2.056947600000001
767 2 1.5753674999999987
767 0 2.441763199999997
767 1 1.9908641999999972
767 2 1.5931044000000014
767 0 2.5349748000000005
767 1 1.9929947000000041
767 2 1.514581199999995
767 0 2.701430599999995
767 1 2.2937159000000023
767 2 1.5355889000000005
1023 0 5.568841599999992
1023 1 4.17506370000001
1023 2 3.2883191000000096
1023 0 4.6250009999999975
1023 1 3.5658525999999995
1023 2 2.9265332000000086
1023 0 4.730513099999996
1023 1 3.908318600000001
1023 2 3.157221199999995
1023 0 4.777820700000007
1023 1 3.6451775999999967
1023 2 2.962810899999994
1023 0 4.990046300000003
1023 1 3.791103899999996
1023 2 3.0043502000000046
1023 0 4.956173000000007
1023 1 3.721232399999991
1023 2 2.956705999999997
1023 0 5.205712699999992
1023 1 3.7851670999999953
1023 2 2.993596200000013
1023 0 4.96875399999999
1023 1 4.050784299999975
1023 2 3.0556101999999896
1023 0 4.921454599999976
1023 1 3.7443212000000017
1023 2 3.0097498000000087
1023 0 4.928671299999991
1023 1 3.8782912000000067
1023 2 3.130533700000001
1535 0 13.525909800000022
1535 1 10.863582199999996
1535 2 8.195181200000007
1535 0 13.056072600000022
1535 1 10.9906675
1535 2 8.651639999999986
1535 0 13.719508100000013
1535 1 10.573454500000025
1535 2 8.330292600000007
1535 0 13.025804300000004
1535 1 10.247159600000032
1535 2 8.117718800000034
1535 0 13.53455120000001
1535 1 10.644523300000003
1535 2 8.671242300000017
1535 0 13.352152100000012
1535 1 10.441387200000008
1535 2 8.517845300000033
1535 0 13.438663800000029
1535 1 10.79433449999999
1535 2 8.566117799999972
1535 0 13.471904699999982
1535 1 10.83457279999999
1535 2 8.817979999999977
1535 0 12.7791024
1535 1 10.786809199999993
1535 2 8.695543600000008
1535 0 13.005931499999974
1535 1 10.284696300000007
1535 2 8.262878199999989
2047 0 26.78152650000004
2047 1 22.20877059999998
2047 2 17.32936140000004
2047 0 26.27508439999997
2047 1 22.11125119999997
2047 2 17.50221149999993
2047 0 27.092388299999925
2047 1 21.98750819999998
2047 2 17.57627350000007
2047 0 26.264514400000053
2047 1 22.045666799999935
2047 2 17.499521999999956
2047 0 25.181364200000075
2047 1 22.096949400000085
2047 2 16.81756150000001
2047 0 25.609819499999958
2047 1 21.723516099999983
2047 2 17.69963729999995
2047 0 26.508343399999944
2047 1 21.80639980000001
2047 2 17.416946499999995
2047 0 26.54911889999994
2047 1 22.45904369999994
2047 2 16.88676170000008
2047 0 26.32276509999997
2047 1 21.783397800000103
2047 2 17.015556500000002
2047 0 26.22819419999996
2047 1 21.801783099999966
2047 2 16.492970700000114
3071 0 72.02379919999998
3071 1 62.590084299999944
3071 2 47.6415727000001
3071 0 68.92252740000004
3071 1 60.99982509999995
3071 2 46.25450510000019
3071 0 68.81575520000001
3071 1 60.120828600000095
3071 2 46.10890660000018
3071 0 68.1835000000001
3071 1 61.39786509999999
3071 2 47.40293690000021
3071 0 71.86846020000007
3071 1 63.13324560000001
3071 2 46.82537200000024
3071 0 68.30512390000013
3071 1 60.863228700000036
3071 2 45.44460019999997
3071 0 68.25582129999975
3071 1 59.940033200000016
3071 2 45.25448830000005
3071 0 67.13488760000018
3071 1 59.950105899999926
3071 2 45.813536399999975
3071 0 70.37724780000008
3071 1 61.511690400000134
3071 2 45.37383799999998
3071 0 68.99896900000022
3071 1 61.391327000000274
3071 2 47.59514650000028
4031 0 166.3800354
4031 1 150.44500329999983
4031 2 118.11113139999998
4031 0 174.5347114000001
4031 1 148.62030229999982
4031 2 110.5412408000002
4031 0 167.87409070000012
4031 1 145.19605219999949
4031 2 111.2337879000006
4031 0 174.51753999999983
4031 1 145.57358449999992
4031 2 108.81650119999995
4031 0 165.2797813999996
4031 1 138.7454045000004
4031 2 107.32839680000052
4031 0 168.17563060000066
4031 1 141.15821799999958
4031 2 108.54575360000035
4031 0 170.07682639999985
4031 1 147.66538750000018
4031 2 108.11349789999986
4031 0 166.44177710000076
4031 1 140.03408279999985
4031 2 104.60800070000005
4031 0 160.49308160000055
4031 1 139.4119810000002
4031 2 107.01378879999993
4031 0 168.1198156999999
4031 1 150.24749769999926
4031 2 108.68323789999977
767 0 2.5447193
767 1 1.8638211
767 2 1.5455879000000001
767 0 2.5899295
767 1 2.1240114000000005
767 2 1.5727548999999996
767 0 2.7960783000000013
767 1 2.1256635000000017
767 2 1.5027557999999992
767 0 2.7141293999999974
767 1 1.9467743000000013
767 2 1.5589624999999998
767 0 2.6073482000000006
767 1 1.9005033000000005
767 2 1.6935120999999995
767 0 2.5866881
767 1 1.899556700000005
767 2 1.566606500000006
767 0 2.6195734
767 1 2.0897739999999985
767 2 1.6025160999999954
767 0 2.625658900000005
767 1 1.895451400000006
767 2 1.5566737000000046
767 0 2.5905157999999986
767 1 1.9731625000000008
767 2 1.552272000000002
767 0 2.7045511000000033
767 1 1.9213505999999967
767 2 1.5787010999999964
1023 0 5.072217299999998
1023 1 4.0306255000000135
1023 2 3.1745135000000033
1023 0 4.924095300000005
1023 1 3.9906291000000067
1023 2 3.1104818000000023
1023 0 4.738071100000013
1023 1 3.7546284999999955
1023 2 3.2151640000000015
1023 0 6.156034099999999
1023 1 4.6498207000000065
1023 2 3.543053999999998
1023 0 5.360701500000005
1023 1 3.8825538999999907
1023 2 2.9860809999999987
1023 0 5.108175700000004
1023 1 4.109844299999992
1023 2 3.000951399999991
1023 0 5.112084299999992
1023 1 3.9499011999999993
1023 2 3.048566099999988
1023 0 4.914549700000009
1023 1 3.9054484000000116
1023 2 3.1137946000000056
1023 0 5.046342299999992
1023 1 3.8094608000000107
1023 2 3.0800406999999836
1023 0 5.129806800000011
1023 1 3.9065973999999812
1023 2 2.998703899999981
1535 0 13.188398800000016
1535 1 10.679628699999995
1535 2 8.595073600000006
1535 0 13.235769900000008
1535 1 10.69572389999999
1535 2 8.619225399999976
1535 0 13.932929000000001
1535 1 10.735568199999989
1535 2 8.299597800000015
1535 0 13.067531299999985
1535 1 10.439338300000031
1535 2 8.499368500000003
1535 0 13.080932800000028
1535 1 10.47732209999998
1535 2 8.367945500000019
1535 0 12.818788600000005
1535 1 10.58657850000003
1535 2 8.341709100000003
1535 0 13.352229100000045
1535 1 10.754245099999991
1535 2 8.264323000000047
1535 0 13.279215299999976
1535 1 11.201602100000002
1535 2 8.601361199999985
1535 0 13.702216000000021
1535 1 11.060326700000019
1535 2 8.52437279999998
1535 0 13.668086700000003
1535 1 10.991443800000013
1535 2 8.534430699999973
2047 0 27.11435430000006
2047 1 22.932734900000014
2047 2 17.135040900000035
2047 0 26.307424800000035
2047 1 21.850091799999973
2047 2 16.9521158
2047 0 26.558395100000098
2047 1 22.18050530000005
2047 2 16.608818000000042
2047 0 26.109029700000065
2047 1 21.536986500000012
2047 2 16.385099699999955
2047 0 25.626833399999896
2047 1 21.469573999999966
2047 2 16.273577700000033
2047 0 24.807726799999955
2047 1 20.618059000000017
2047 2 16.769594600000005
2047 0 25.881384799999978
2047 1 21.88840909999999
2047 2 16.948210300000028
2047 0 25.832040300000017
2047 1 21.473582700000065
2047 2 17.19888430000003
2047 0 27.09482109999999
2047 1 21.382434999999987
2047 2 16.624327500000163
2047 0 24.86139389999994
2047 1 20.89821290000009
2047 2 16.280232999999953
767 0 2.8414364
767 1 1.9634920999999999
767 2 1.6381269999999999
767 0 2.7164348999999994
767 1 1.9057037000000001
767 2 1.7264084000000004
767 0 2.7471540999999995
767 1 2.0722188
767 2 1.7324587999999999
767 0 2.4805193999999986
767 1 1.939062700000001
767 2 1.6218234000000002
767 0 2.546232400000001
767 1 1.8992788000000012
767 2 1.5748236999999996
767 0 2.4764964999999997
767 1 2.0503981999999965
767 2 1.5352634999999992
767 0 2.527171799999998
767 1 1.9264365000000012
767 2 1.5448576000000003
767 0 2.5078882999999976
767 1 2.0260762999999997
767 2 1.5678266999999977
767 0 2.584337600000005
767 1 1.9122765000000044
767 2 1.584731699999999
767 0 2.6064917000000065
767 1 1.9181223000000003
767 2 1.5457377999999977
1023 0 4.727234599999996
1023 1 3.7371723999999915
1023 2 2.895697999999996
1023 0 4.837119900000005
1023 1 3.792425499999993
1023 2 2.992618399999998
1023 0 4.778444300000004
1023 1 3.7422990000000027
1023 2 2.8764714
1023 0 4.897313800000006
1023 1 3.854027599999995
1023 2 3.0862882999999925
1023 0 4.783888700000006
1023 1 3.7395925000000005
1023 2 2.8411997999999983
1023 0 4.7338907999999975
1023 1 3.773456600000003
1023 2 2.834173099999987
1023 0 4.606014700000003
1023 1 3.8095902999999964
1023 2 3.000767799999977
1023 0 4.636872900000014
1023 1 3.750321100000008
1023 2 2.899440400000003
1023 0 4.9120147000000145
1023 1 3.7080794999999966
1023 2 2.825148799999994
1023 0 4.742390399999977
1023 1 3.7299093000000028
1023 2 2.9365820000000156
1535 0 12.524525399999987
1535 1 10.404319700000002
1535 2 8.0041784
1535 0 12.785392799999983
1535 1 10.453803800000003
1535 2 7.996583699999974
1535 0 12.868085500000007
1535 1 10.251069999999999
1535 2 8.047233399999982
1535 0 12.922705299999961
1535 1 10.34344920000001
1535 2 8.201091299999973
1535 0 13.118667300000027
1535 1 10.276210699999979
1535 2 7.9237198999999805
1535 0 12.770874400000025
1535 1 10.3982527
1535 2 7.850667399999963
1535 0 12.791772400000013
1535 1 10.314575899999966
1535 2 7.9408889000000045
1535 0 12.736915099999976
1535 1 10.162169800000015
1535 2 7.932786900000053
1535 0 12.828288999999984
1535 1 10.167420200000038
1535 2 7.928432999999984
1535 0 12.512885799999992
1535 1 10.296105699999998
1535 2 8.27238189999997
2047 0 25.117956100000015
2047 1 21.04935420000004
2047 2 16.20629550000001
2047 0 25.30152480000004
2047 1 21.273467400000072
2047 2 16.102507400000036
2047 0 24.887612500000046
2047 1 20.938433000000032
2047 2 16.184905800000024
2047 0 25.344098700000018
2047 1 20.830577500000004
2047 2 16.5629146
2047 0 25.239591200000064
2047 1 21.254464600000006
2047 2 16.296321300000045
2047 0 24.89502180000011
2047 1 21.285530600000016
2047 2 16.328279899999984
2047 0 25.45861530000002
2047 1 21.25542939999991
2047 2 16.354769999999917
2047 0 25.16163389999997
2047 1 21.051549000000023
2047 2 16.537812900000063
2047 0 25.868703200000027
2047 1 21.0573662999999
2047 2 16.43895980000002
2047 0 25.323012399999925
2047 1 21.11221260000002
2047 2 16.48978030000012
3071 0 69.61859009999989
3071 1 60.51948000000016
3071 2 46.25603479999995
3071 0 67.9752704
3071 1 60.28414450000014
3071 2 46.063957099999925
3071 0 68.44834700000001
3071 1 59.679550500000005
3071 2 45.56645559999993
3071 0 67.41776499999992
3071 1 58.9257204999999
3071 2 45.902356600000076
3071 0 68.43714720000003
3071 1 59.8671597
3071 2 45.84450719999995
3071 0 67.64385529999981
3071 1 60.36674749999975
3071 2 45.55370280000034
3071 0 65.71188170000005
3071 1 57.399467500000355
3071 2 44.1462176
3071 0 64.39846960000023
3071 1 57.275255000000016
3071 2 44.16348029999972
3071 0 65.9619015000003
3071 1 58.28202629999987
3071 2 44.46565280000004
3071 0 65.4772382000001
3071 1 57.95453729999963
3071 2 44.31041210000012
4031 0 154.9893087999999
4031 1 130.48548359999995
4031 2 99.14526119999982
4031 0 153.32057280000026
4031 1 131.13732379999965
4031 2 99.48050820000026
4031 0 152.91641630000004
4031 1 130.8434757
4031 2 99.4754952999997
4031 0 153.72940710000012
4031 1 132.37109410000085
4031 2 99.39129219999995
4031 0 154.36853670000073
4031 1 130.94808829999965
4031 2 99.50818319999962
4031 0 154.3558477000006
4031 1 131.3229707999999
4031 2 99.65706310000041
4031 0 152.72210730000006
4031 1 130.70621819999997
4031 2 99.12416519999988
4031 0 154.9681059000004
4031 1 132.64912690000074
4031 2 100.33043629999975
4031 0 154.2288410000001
4031 1 131.1769005999995
4031 2 99.52744050000001
4031 0 153.6502634999997
4031 1 132.17513250000047
4031 2 99.0724981000003
767 0 2.4616974
767 1 1.9094024000000003
767 2 1.5957181
767 0 2.593251499999999
767 1 2.0957878
767 2 1.6210369
767 0 2.587882799999999
767 1 1.9432828999999998
767 2 1.4943677000000015
767 0 2.4951824999999985
767 1 1.852928900000002
767 2 1.5817447999999992
767 0 2.655951199999997
767 1 2.085531500000002
767 2 1.5481618000000026
767 0 2.596449500000002
767 1 1.905855299999999
767 2 1.4911156000000005
767 0 2.5785198999999963
767 1 1.8516870999999995
767 2 1.4903268999999995
767 0 2.399598300000001
767 1 1.8323883000000052
767 2 1.4830206000000032
767 0 2.957756400000001
767 1 1.8182199000000026
767 2 1.3969026999999983
767 0 2.3734388000000024
767 1 1.8863125999999966
767 2 1.4921541000000005
1023 0 4.4926294000000055
1023 1 3.4641076999999996
1023 2 2.6932874999999967
1023 0 4.549188000000001
1023 1 3.7259175999999883
1023 2 2.8149331999999987
1023 0 4.535269900000003
1023 1 3.4922785999999917
1023 2 2.8147379999999913
1023 0 4.561057500000004
1023 1 3.5173288000000014
1023 2 2.7776965999999987
1023 0 4.5680969000000005
1023 1 3.499619199999998
1023 2 2.7524851000000012
1023 0 4.503888200000006
1023 1 3.6129465999999866
1023 2 2.864810399999996
1023 0 4.485836400000011
1023 1 3.5059583999999973
1023 2 2.764903799999985
1023 0 4.723696700000005
1023 1 3.491798100000011
1023 2 2.934835100000015
1023 0 4.82451420000001
1023 1 3.4944466999999975
1023 2 2.6942133000000013
1023 0 4.376985999999988
1023 1 3.4497830999999906
1023 2 2.758156299999996
1535 0 12.337867799999998
1535 1 9.903116099999977
1535 2 7.647483700000009
1535 0 12.859882400000004
1535 1 9.947824300000008
1535 2 8.123726000000005
1535 0 12.392696199999989
1535 1 10.032777199999998
1535 2 7.902173200000021
1535 0 12.588985700000023
1535 1 10.15777909999997
1535 2 8.333326499999998
1535 0 12.736187099999995
1535 1 11.259372900000017
1535 2 8.243629999999996
1535 0 12.966582300000027
1535 1 10.897294799999997
1535 2 8.147796200000016
1535 0 12.87751460000004
1535 1 10.451869400000021
1535 2 8.076317999999958
1535 0 12.709565800000007
1535 1 10.180799699999966
1535 2 8.044761999999992
1535 0 13.12255859999999
1535 1 10.326492700000017
1535 2 7.936803199999986
1535 0 12.909028999999975
1535 1 10.552348399999971
1535 2 8.279507999999964
2047 0 24.658213499999988
2047 1 20.84088890000004
2047 2 15.761120000000005
2047 0 24.013100200000054
2047 1 20.40759539999999
2047 2 15.922458700000107
2047 0 23.987652600000047
2047 1 20.080769000000032
2047 2 16.474044899999967
2047 0 23.978689099999997
2047 1 20.758723300000042
2047 2 16.27244970000004
2047 0 23.583781499999986
2047 1 19.776793800000064
2047 2 15.787851899999964
2047 0 23.519885199999976
2047 1 20.23830339999995
2047 2 15.952934199999959
2047 0 24.13159959999996
2047 1 20.40815950000001
2047 2 15.66260699999998
2047 0 24.207062300000075
2047 1 20.984555999999998
2047 2 15.635430100000008
2047 0 24.140041399999973
2047 1 20.546104799999966
2047 2 15.42319299999997
2047 0 23.523914999999988
2047 1 20.182601599999998
2047 2 15.679747800000086
3071 0 64.46665940000003
3071 1 57.4218022
3071 2 43.9694563999999
3071 0 63.82406969999988
3071 1 57.01373960000001
3071 2 43.75285769999982
3071 0 64.63921839999989
3071 1 58.07992029999991
3071 2 44.03654789999996
3071 0 64.31735099999992
3071 1 58.097635999999966
3071 2 44.48973879999994
3071 0 62.78616450000004
3071 1 57.25145550000002
3071 2 45.515030900000056
3071 0 67.31463660000009
3071 1 59.72018949999983
3071 2 45.94983339999999
3071 0 68.64826189999985
3071 1 60.849046700000144
3071 2 44.972659999999905
3071 0 64.29545580000013
3071 1 57.37902599999961
3071 2 44.29812600000014
3071 0 63.78234829999974
3071 1 57.863196000000244
3071 2 43.8199639999998
3071 0 64.30423149999979
3071 1 57.2976034000003
3071 2 44.23005050000029
4031 0 155.11438109999972
4031 1 130.68152280000004
4031 2 99.4927775000001
4031 0 153.6069418000002
4031 1 131.2688978000001
4031 2 100.65183669999988
4031 0 154.36648520000017
4031 1 129.61308429999963
4031 2 98.96042639999996
4031 0 155.34839170000032
4031 1 132.6673882
4031 2 99.66987640000025
4031 0 155.78739430000041
4031 1 132.43113899999935
4031 2 101.2378462000006
4031 0 152.1928055999997
4031 1 127.93767460000072
4031 2 97.26732450000054
4031 0 152.17583900000045
4031 1 128.46617479999986
4031 2 99.72519669999929
4031 0 152.77703910000037
4031 1 129.06567010000072
4031 2 97.61560310000004
4031 0 151.1980368000004
4031 1 130.97068300000046
4031 2 98.48094330000004
4031 0 152.7636781000001
4031 1 128.40193720000025
4031 2 98.840913
767 0 2.3575931
767 1 2.0417028000000004
767 2 1.5102416000000005
767 0 2.7657667000000004
767 1 2.0160336
767 2 1.4372916
767 0 2.432620700000001
767 1 2.391482400000001
767 2 1.6005818000000005
767 0 2.6119582
767 1 1.8301355999999984
767 2 1.646882999999999
767 0 2.716092400000001
767 1 1.9180999000000014
767 2 1.4530171000000003
767 0 2.7147018000000003
767 1 1.9947262999999964
767 2 1.5169031000000004
767 0 2.3719569999999948
767 1 2.0218532999999965
767 2 1.5579473000000021
767 0 2.428272200000002
767 1 1.8882492000000042
767 2 1.477468800000004
767 0 2.5553839000000025
767 1 1.8610048000000035
767 2 1.548785400000007
767 0 2.5566215999999997
767 1 1.9589728999999991
767 2 1.5983753999999948
1023 0 4.875423600000005
1023 1 3.9807409000000007
1023 2 2.9584887000000037
1023 0 5.005045599999988
1023 1 3.5277024000000097
1023 2 3.0666731000000027
1023 0 4.883301200000005
1023 1 3.5706342000000006
1023 2 2.7977445000000074
1023 0 4.736248099999997
1023 1 3.6477186999999986
1023 2 2.8649506999999943
1023 0 4.821592499999994
1023 1 3.763898400000002
1023 2 2.809313099999997
1023 0 4.711776200000003
1023 1 3.7997021999999987
1023 2 2.78366419999999
1023 0 4.465697300000016
1023 1 3.4938324000000023
1023 2 2.782453700000019
1023 0 4.936317800000012
1023 1 3.5232764000000145
1023 2 2.87095579999999
1023 0 4.632490300000001
1023 1 3.4716431999999884
1023 2 2.8597555000000057
1023 0 4.825631700000002
1023 1 3.5827956999999913
1023 2 2.8385900999999762
1535 0 12.493103600000012
1535 1 10.483326000000005
1535 2 7.862243599999999
1535 0 12.39110100000002
1535 1 9.985132499999992
1535 2 7.908684600000015
1535 0 12.53825119999999
1535 1 10.718495599999983
1535 2 8.017832599999963
1535 0 12.347280900000044
1535 1 10.16705440000004
1535 2 7.778625799999986
1535 0 12.558098599999994
1535 1 10.122741299999973
1535 2 8.01042259999997
1535 0 12.601775799999984
1535 1 10.356283299999973
1535 2 7.844740400000035
1535 0 12.648095899999987
1535 1 9.996764499999983
1535 2 7.750013000000024
1535 0 12.184747099999981
1535 1 10.011484300000006
1535 2 7.881419400000027
1535 0 12.44320590000001
1535 1 10.322508099999993
1535 2 7.966863999999987
1535 0 12.608254400000021
1535 1 10.19398799999999
1535 2 7.931560600000012
2047 0 24.199155200000007
2047 1 20.308580500000062
2047 2 15.641372000000047
2047 0 24.150751000000014
2047 1 20.392245300000013
2047 2 15.88087269999994
2047 0 23.998906300000044
2047 1 20.60562790000006
2047 2 15.20703130000004
2047 0 932.3299507999999
2047 1 656.9680513999997
2047 2 16.066488500000105
2047 0 24.192043399999875
2047 1 20.46674979999989
2047 2 15.649129399999765
2047 0 24.304078799999843
2047 1 20.39096789999985
2047 2 15.956176499999856
2047 0 23.82334869999977
2047 1 20.326082300000053
2047 2 15.74668100000008
2047 0 24.435240899999826
2047 1 20.96731809999983
2047 2 15.936778499999946
2047 0 24.36633350000011
2047 1 20.77032220000001
2047 2 16.231250300000283
2047 0 24.666436099999828
2047 1 20.322171199999957
2047 2 15.386260600000242
3071 0 66.29681489999984
3071 1 58.405167099999744
3071 2 45.16784860000007
3071 0 66.18312779999997
3071 1 59.26580439999998
3071 2 46.21294920000037
3071 0 68.48045470000034
3071 1 62.03667630000018
3071 2 47.529883000000154
3071 0 69.29272649999984
3071 1 62.42586120000033
3071 2 48.8178283000002
3071 0 70.74406670000008
3071 1 61.66377229999989
3071 2 46.04402579999987
3071 0 67.65469769999982
3071 1 61.04632279999987
3071 2 48.21018779999986
3071 0 68.67033850000007
3071 1 58.02088930000036
3071 2 45.290044599999874
3071 0 67.5648868000003
3071 1 58.08938709999984
3071 2 44.8769041999999
3071 0 64.9072798000002
3071 1 58.42455939999945
3071 2 44.56125770000017
3071 0 65.80854920000002
3071 1 59.39001310000003
3071 2 44.70980719999989
4031 0 159.72799759999998
4031 1 139.2251452999999
4031 2 108.08229530000062
4031 0 164.50784480000038
4031 1 142.46614119999958
4031 2 107.73084259999996
4031 0 170.0873842000001
4031 1 146.3441331999993
4031 2 107.65886110000065
4031 0 169.26596249999966
4031 1 142.63885930000015
4031 2 106.95840809999936
4031 0 168.72135679999974
4031 1 137.21202950000043
4031 2 104.78953939999974
4031 0 161.8360606999995
4031 1 135.40618649999942
4031 2 104.71994600000016
4031 0 158.01320579999992
4031 1 133.77418750000015
4031 2 101.30447449999974
4031 0 157.88872720000018
4031 1 134.4485267
4031 2 104.93907659999968
4031 0 164.12547150000046
4031 1 142.6020853
4031 2 107.86945920000016
4031 0 184.1555241999995
4031 1 162.099054100001
4031 2 121.06447979999939
767 0 2.8855358
767 1 2.2446294000000004
767 2 1.5034638999999999
767 0 2.5003423
767 1 2.0709274000000004
767 2 1.5043832000000013
767 0 2.6662665000000008
767 1 2.0459382
767 2 1.5673986999999983
767 0 2.721200100000001
767 1 2.1262407000000003
767 2 1.5695404999999987
767 0 2.296597900000002
767 1 1.7828216999999995
767 2 1.3903249999999971
767 0 2.4652717999999965
767 1 2.053705100000002
767 2 1.5039273000000009
767 0 2.4162008000000057
767 1 2.021896600000005
767 2 1.5401018999999962
767 0 2.5500445999999997
767 1 1.8661342999999988
767 2 1.5164925999999994
767 0 2.4894556999999935
767 1 1.8763909999999981
767 2 1.5926761999999997
767 0 2.4698913000000005
767 1 2.0597375999999983
767 2 1.7312241999999998
1023 0 4.767033399999995
1023 1 3.699550600000009
1023 2 2.913483900000003
1023 0 4.737751099999997
1023 1 3.9456998
1023 2 3.2612164000000092
1023 0 5.076290700000001
1023 1 3.9538914000000034
1023 2 2.8084659999999957
1023 0 5.083575599999989
1023 1 4.311237500000004
1023 2 3.0814763999999997
1023 0 5.208091600000003
1023 1 4.0518541
1023 2 2.8989270999999945
1023 0 5.0353939000000025
1023 1 3.6918957999999975
1023 2 3.353123100000005
1023 0 4.655772100000007
1023 1 3.64421200000001
1023 2 2.8220168
1023 0 4.501673699999998
1023 1 3.531984599999987
1023 2 2.8054956000000004
1023 0 4.594394800000003
1023 1 3.8198271999999918
1023 2 2.7781209999999987
1023 0 4.76368549999998
1023 1 3.665458299999983
1023 2 2.8372157000000016
1535 0 12.28134
1535 1 10.055016899999998
1535 2 8.047946600000017
1535 0 12.611320300000017
1535 1 10.28161270000001
1535 2 8.02145809999999
1535 0 12.718539400000026
1535 1 10.036198599999977
1535 2 7.888482699999997
1535 0 12.226338399999975
1535 1 10.18320799999998
1535 2 7.812850799999978
1535 0 12.2620139
1535 1 10.06390570000002
1535 2 8.170492599999989
1535 0 12.540619900000024
1535 1 10.372545800000012
1535 2 8.101246099999969
1535 0 12.577161900000021
1535 1 10.406892700000014
1535 2 8.17237560000001
1535 0 12.8875228
1535 1 10.15982299999996
1535 2 8.036575599999992
1535 0 12.719589199999973
1535 1 10.34048299999995
1535 2 8.450863599999991
1535 0 12.97068089999999
1535 1 10.465271200000018
1535 2 7.767914599999983
2047 0 25.082030900000007
2047 1 21.835437499999955
2047 2 16.554524899999933
2047 0 25.883917500000052
2047 1 21.095007999999893
2047 2 16.903217100000006
2047 0 25.242019500000083
2047 1 21.190441100000044
2047 2 16.661197899999934
2047 0 25.09979390000001
2047 1 21.314119199999936
2047 2 16.02972950000003
2047 0 25.10614039999996
2047 1 20.65939460000004
2047 2 15.718658699999992
2047 0 25.03136470000004
2047 1 20.667511399999967
2047 2 16.35905129999992
2047 0 24.99863300000004
2047 1 21.280646899999965
2047 2 16.743175500000007
2047 0 26.688611200000082
2047 1 21.691023400000063
2047 2 18.420529899999906
2047 0 25.926578200000108
2047 1 22.122555600000055
2047 2 17.16564029999995
2047 0 24.762950199999977
2047 1 21.1424970999999
2047 2 16.31848210000021
3071 0 68.12160019999988
3071 1 61.766796699999986
3071 2 47.17340130000002
3071 0 68.08176119999985
3071 1 60.564039500000035
3071 2 46.951431100000036
3071 0 67.6134983999998
3071 1 60.64838329999998
3071 2 45.65393909999989
3071 0 67.37107540000011
3071 1 59.69868440000005
3071 2 45.9886805000001
3071 0 67.73696810000001
3071 1 60.25037259999999
3071 2 47.20703900000012
3071 0 68.70755819999977
3071 1 60.35953849999987
3071 2 45.58737029999975
3071 0 67.29115679999995
3071 1 60.48627519999991
3071 2 45.16791710000007
3071 0 67.07104330000038
3071 1 59.8014619999999
3071 2 46.79605309999988
3071 0 71.15431039999976
3071 1 62.02174530000002
3071 2 46.96411990000024
3071 0 67.41041700000005
3071 1 59.524363900000026
3071 2 45.49563709999984
4031 0 162.7766919999999
4031 1 135.8822583000001
4031 2 102.78867369999989
4031 0 160.16085179999982
4031 1 135.7603752
4031 2 102.81053050000037
4031 0 159.47814919999973
4031 1 135.5103025000003
4031 2 103.92928100000017
4031 0 161.96298380000007
4031 1 137.4646176999995
4031 2 102.59828579999976
4031 0 160.65544619999946
4031 1 135.65161809999972
4031 2 100.52715160000025
4031 0 157.80356540000048
4031 1 133.95427999999993
4031 2 103.69386560000021
4031 0 162.46239590000005
4031 1 137.63906990000032
4031 2 103.22399199999927
4031 0 163.14287280000008
4031 1 138.78190079999968
4031 2 102.77434950000043
4031 0 160.24570049999966
4031 1 137.27543490000062
4031 2 103.89320880000014
4031 0 161.0743569999995
4031 1 132.30934609999986
4031 2 102.66845840000042
767 0 2.4365001
767 1 1.7931567000000004
767 2 1.4390904999999998
767 0 2.481469699999999
767 1 1.7781606000000014
767 2 1.4648699
767 0 2.6198329000000005
767 1 1.7973876000000004
767 2 1.542842199999999
767 0 2.407935700000003
767 1 1.8465542999999975
767 2 1.4791999000000011
767 0 2.4500616000000015
767 1 1.9412677999999985
767 2 1.4088841999999993
767 0 2.388334999999998
767 1 1.9025578000000003
767 2 1.4268894999999944
767 0 2.372706800000003
767 1 1.7516928000000007
767 2 1.4633661999999958
767 0 2.9200277999999997
767 1 1.9532032999999984
767 2 1.4565003000000019
767 0 2.406984999999999
767 1 1.7705863999999991
767 2 1.4489607999999947
767 0 2.3787373999999986
767 1 1.7720097999999993
767 2 1.4072737999999987
1023 0 4.460055499999996
1023 1 3.548325499999997
1023 2 2.7298152999999985
1023 0 4.550602399999988
1023 1 3.4378724999999974
1023 2 2.690004000000002
1023 0 4.439526099999995
1023 1 3.4693895000000055
1023 2 2.846809500000006
1023 0 4.424221700000004
1023 1 3.4944532999999893
1023 2 2.79028550000001
1023 0 4.5465130000000045
1023 1 3.5651710000000065
1023 2 2.722491500000004
1023 0 4.4355944999999934
1023 1 3.4529541999999935
1023 2 2.7561179000000067
1023 0 4.507043699999997
1023 1 3.4218739000000085
1023 2 2.7412405000000035
1023 0 4.527534199999991
1023 1 3.4396756000000153
1023 2 2.894379000000015
1023 0 4.5043541000000005
1023 1 3.444503900000001
1023 2 2.767568600000004
1023 0 4.411512499999986
1023 1 3.3939166000000114
1023 2 2.836267499999991
1535 0 11.994367100000005
1535 1 9.547422400000016
1535 2 7.473723200000023
1535 0 12.048119499999984
1535 1 9.462162300000017
1535 2 7.5189156999999796
1535 0 12.191228999999993
1535 1 9.606541099999987
1535 2 7.700563899999992
1535 0 12.195647100000002
1535 1 9.419158900000014
1535 2 7.785122999999999
1535 0 11.963012600000013
1535 1 10.40125230000001
1535 2 7.502488700000015
1535 0 12.404677800000002
1535 1 9.49390100000005
1535 2 7.689815799999963
1535 0 11.836524999999995
1535 1 9.5193893
1535 2 7.96649560000003
1535 0 11.839750100000003
1535 1 9.825937799999963
1535 2 7.749501699999996
1535 0 11.87533910000002
1535 1 9.667993800000033
1535 2 7.702758999999958
1535 0 12.2934932
1535 1 9.917296399999998
1535 2 7.653651000000025
2047 0 24.061776899999984
2047 1 20.478196499999967
2047 2 15.868540699999983
2047 0 23.42113979999999
2047 1 20.27907110000001
2047 2 15.560785399999986
2047 0 23.804177299999992
2047 1 19.931052499999964
2047 2 15.550181399999929
2047 0 24.19026740000004
2047 1 20.467734699999937
2047 2 15.194023799999968
2047 0 24.26379750000001
2047 1 20.164657799999986
2047 2 15.494621699999925
2047 0 23.795107800000096
2047 1 19.886452899999995
2047 2 15.11764699999992
2047 0 23.235929199999987
2047 1 19.482346600000028
2047 2 15.508422399999972
2047 0 24.298681099999953
2047 1 20.19626299999993
2047 2 15.592831799999999
2047 0 24.107476099999985
2047 1 20.389225900000042
2047 2 15.27243180000005
2047 0 23.933312600000022
2047 1 20.345185299999912
2047 2 15.552612100000033
3071 0 64.67551230000004
3071 1 58.16608309999992
3071 2 43.14263219999998
3071 0 64.41989910000007
3071 1 57.63102170000002
3071 2 43.53902689999995
3071 0 64.1500215000001
3071 1 57.656569999999874
3071 2 43.97147180000002
3071 0 65.33756489999996
3071 1 56.942310200000065
3071 2 43.72669480000013
3071 0 63.82041419999996
3071 1 56.99507410000001
3071 2 44.2237540000001
3071 0 64.79939149999996
3071 1 56.99194249999982
3071 2 43.861290300000064
3071 0 65.35451460000013
3071 1 57.04004060000034
3071 2 43.68425500000012
3071 0 63.71877950000044
3071 1 56.79496710000012
3071 2 43.85081790000004
3071 0 65.17097859999967
3071 1 57.407326999999896
3071 2 43.77142559999993
3071 0 64.28340040000012
3071 1 57.33253479999985
3071 2 44.272835100000066
4031 0 154.69468099999995
4031 1 130.31659889999992
4031 2 98.48040709999987
4031 0 154.39435959999992
4031 1 130.42853800000012
4031 2 99.14526320000004
4031 0 154.20102339999994
4031 1 130.6798447000001
4031 2 101.6873427999999
4031 0 154.31001190000006
4031 1 129.41802749999988
4031 2 100.37382020000041
4031 0 153.9098897999993
4031 1 129.70689800000036
4031 2 98.53537099999994
4031 0 153.51122599999962
4031 1 129.6192168000007
4031 2 99.39270809999925
4031 0 153.5969041999997
4031 1 130.52337129999978
4031 2 99.05970160000015
4031 0 154.07965389999936
4031 1 130.1338524999992
4031 2 99.75697519999994
4031 0 154.95145649999995
4031 1 130.98028369999975
4031 2 99.77226450000035
4031 0 153.00046479999946
4031 1 130.1054154000003
4031 2 98.69318920000023
767 0 2.5489356
767 1 1.8043624
767 2 1.4890781000000004
767 0 2.6079694999999994
767 1 2.0012744
767 2 1.5448565999999992
767 0 2.7921233
767 1 1.9004417000000018
767 2 1.626306900000003
767 0 2.6615294000000027
767 1 2.0026204000000014
767 2 1.5904977999999979
767 0 2.675436300000001
767 1 1.9426828
767 2 1.4888139999999979
767 0 2.985032399999998
767 1 2.007965800000001
767 2 1.4835273000000058
767 0 2.562901799999999
767 1 1.8071756000000008
767 2 1.5298384000000027
767 0 2.6646876000000006
767 1 1.9865998000000005
767 2 1.4488363999999976
767 0 2.503707200000001
767 1 1.8428814999999972
767 2 1.5512081000000038
767 0 2.5318751000000006
767 1 1.8801429000000027
767 2 1.551713300000003
1023 0 4.924976799999996
1023 1 3.6390372999999983
1023 2 2.9147411999999946
1023 0 4.617481799999993
1023 1 3.524711999999994
1023 2 2.897797499999996
1023 0 4.678494100000009
1023 1 3.4762747000000047
1023 2 2.866628800000001
1023 0 4.904508200000009
1023 1 3.966036200000005
1023 2 2.9192544
1023 0 4.7079180000000065
1023 1 3.588196599999989
1023 2 3.1895951999999994
1023 0 4.751077699999996
1023 1 3.6840331000000077
1023 2 2.8296247999999906
1023 0 4.749093799999997
1023 1 3.7216008000000045
1023 2 2.8519596999999806
1023 0 4.587300400000004
1023 1 3.714099900000008
1023 2 2.7896472000000188
1023 0 4.690061599999979
1023 1 3.6357017999999925
1023 2 3.0006397999999876
1023 0 4.751118900000023
1023 1 3.645525099999986
1023 2 2.900813599999992
1535 0 12.362764200000015
1535 1 10.626446700000002
1535 2 8.249377500000008
1535 0 12.390149399999984
1535 1 9.789583099999987
1535 2 8.02161749999999
1535 0 12.433137700000003
1535 1 9.51981809999998
1535 2 9.093852599999991
1535 0 12.61504309999998
1535 1 10.21760919999997
1535 2 8.456956400000024
1535 0 11.680760299999974
1535 1 9.862488799999994
1535 2 7.586569700000041
1535 0 12.265618899999993
1535 1 10.717318300000045
1535 2 7.583740199999966
1535 0 13.800488799999982
1535 1 9.631813300000033
1535 2 7.872129299999983
1535 0 12.38060969999998
1535 1 9.982723599999986
1535 2 7.62185519999997
1535 0 11.724063300000012
1535 1 10.267117799999994
1535 2 8.023553900000024
1535 0 11.791033300000038
1535 1 9.780396199999984
1535 2 7.775490700000034
2047 0 24.66859489999996
2047 1 20.925645299999985
2047 2 15.56334830000003
2047 0 25.095722699999897
2047 1 20.1481493
2047 2 15.654358099999968
2047 0 24.540231699999936
2047 1 20.741524299999924
2047 2 16.358229400000027
2047 0 24.496797000000015
2047 1 20.177184900000043
2047 2 15.845572299999958
2047 0 25.110554500000035
2047 1 20.854518299999995
2047 2 15.989678099999992
2047 0 24.341161400000033
2047 1 20.74550529999999
2047 2 15.83167370000001
2047 0 24.750704300000052
2047 1 21.384471299999973
2047 2 16.326542099999983
2047 0 25.04257050000001
2047 1 20.53664459999993
2047 2 16.4155806
2047 0 24.256056599999965
2047 1 21.86937910000006
2047 2 15.787193499999944
2047 0 23.868424199999936
2047 1 20.62241569999992
2047 2 15.782212699999945
3071 0 67.47824420000006
3071 1 58.83017840000002
3071 2 44.09084050000001
3071 0 67.67587309999999
3071 1 59.22162800000001
3071 2 45.28168679999999
3071 0 66.92650719999983
3071 1 58.08037189999982
3071 2 44.69556659999989
3071 0 67.35051350000003
3071 1 59.37349210000002
3071 2 45.86888709999994
3071 0 64.97646139999983
3071 1 58.86828609999998
3071 2 45.3934013999999
3071 0 66.44786950000002
3071 1 58.750301400000126
3071 2 45.95835659999966
3071 0 67.20147409999981
3071 1 59.57713520000016
3071 2 45.33707679999998
3071 0 65.27517149999994
3071 1 59.527397500000006
3071 2 44.515317700000196
3071 0 66.30162700000028
3071 1 59.23728560000018
3071 2 44.024574599999596
3071 0 68.01831230000016
3071 1 59.214196000000356
3071 2 44.08769549999988
4031 0 154.84849540000005
4031 1 132.4010070999998
4031 2 102.74031579999973
4031 0 160.8229107000002
4031 1 132.42352989999972
4031 2 101.18713409999964
4031 0 160.96748660000003
4031 1 133.9512562
4031 2 101.68363240000008
4031 0 161.36336789999996
4031 1 132.46089419999953
4031 2 102.48933130000023
4031 0 156.52367180000056
4031 1 131.33855670000048
4031 2 102.40320710000015
4031 0 161.8241753000002
4031 1 131.34901209999953
4031 2 101.31185350000032
4031 0 158.15248689999953
4031 1 133.01179090000005
4031 2 103.03863899999942
4031 0 160.88599649999924
4031 1 132.98622929999965
4031 2 101.30641769999966
4031 0 160.98228050000034
4031 1 133.3759323000004
4031 2 101.34572230000049
4031 0 160.25154459999976
4031 1 131.7465361000004
4031 2 102.9710070000001
767 0 2.3774933000000003
767 1 1.9744121999999997
767 2 1.4596228999999994
767 0 2.413894300000001
767 1 1.8522561
767 2 1.6028532999999996
767 0 2.4318378999999997
767 1 2.0359334999999987
767 2 1.5882112
767 0 2.4859246000000006
767 1 1.8918369999999989
767 2 1.676723899999999
767 0 2.4163460000000008
767 1 1.8238034000000027
767 2 1.4378788
767 0 2.5763640000000017
767 1 1.8875203999999997
767 2 1.5120782999999989
767 0 2.6193905000000015
767 1 1.8718885000000043
767 2 1.5194958000000014
767 0 2.5216283999999973
767 1 1.916788099999998
767 2 1.5539982000000023
767 0 2.373843299999997
767 1 1.8416390000000007
767 2 1.4389328000000035
767 0 2.4810783
767 1 1.8782599999999974
767 2 1.5888823000000016
1023 0 4.694535200000004
1023 1 3.5110671999999923
1023 2 2.780078500000002
1023 0 4.509455399999993
1023 1 3.577403100000012
1023 2 2.8470502999999923
1023 0 4.669306399999996
1023 1 3.5616436999999905
1023 2 2.9408334999999965
1023 0 4.784003800000008
1023 1 3.671382600000001
1023 2 2.8427889999999962
1023 0 4.635544700000011
1023 1 3.813126099999991
1023 2 2.924440500000003
1023 0 4.714785700000007
1023 1 3.7907993999999974
1023 2 2.8725528000000082
1023 0 4.7267504
1023 1 3.6637564999999768
1023 2 2.9989748000000134
1023 0 4.639036900000008
1023 1 3.6846879
1023 2 2.8632430000000113
1023 0 4.722049900000002
1023 1 3.6852671999999984
1023 2 2.8869876999999917
1023 0 4.592788399999989
1023 1 3.5964745999999934
1023 2 2.9108810000000176
1535 0 12.63302569999999
1535 1 10.548826100000014
1535 2 7.890925299999992
1535 0 11.7983945
1535 1 10.178388400000017
1535 2 7.491188899999997
1535 0 13.57360829999999
1535 1 9.961757299999988
1535 2 7.770201499999985
1535 0 12.8399814
1535 1 9.875076000000035
1535 2 7.722934500000008
1535 0 12.23992149999998
1535 1 9.880367999999976
1535 2 7.7922011
1535 0 11.669963699999983
1535 1 9.507256700000028
1535 2 7.551171600000032
1535 0 12.451653000000022
1535 1 9.795608200000004
1535 2 7.737288199999966
1535 0 12.12584290000001
1535 1 9.87379930000003
1535 2 8.085532999999998
1535 0 11.976305799999977
1535 1 10.222768200000019
1535 2 7.696464600000013
1535 0 12.38760540000004
1535 1 9.47339629999999
1535 2 7.455385700000022
2047 0 23.930958000000032
2047 1 19.882496500000002
2047 2 15.724194500000067
2047 0 23.709060200000067
2047 1 19.495977700000026
2047 2 15.011473199999955
2047 0 23.645350399999984
2047 1 20.4179355
2047 2 15.805566100000078
2047 0 24.64641849999998
2047 1 20.595549199999937
2047 2 15.919882799999982
2047 0 24.791527300000098
2047 1 20.2390312
2047 2 15.585281200000054
2047 0 24.095200800000043
2047 1 20.68595019999998
2047 2 15.533701899999983
2047 0 24.080894000000058
2047 1 20.19509620000008
2047 2 15.277868699999999
2047 0 24.885205100000007
2047 1 20.401691899999946
2047 2 15.43538460000002
2047 0 23.799747600000046
2047 1 20.674365100000045
2047 2 15.593065300000035
2047 0 23.836725
2047 1 20.666606600000023
2047 2 15.324578100000053
3071 0 65.7173173000001
3071 1 58.33790279999994
3071 2 44.5390146000002
3071 0 66.20058659999995
3071 1 59.600833400000056
3071 2 45.95571649999988
3071 0 67.17766079999979
3071 1 58.174399900000026
3071 2 45.68236480000019
3071 0 65.13832890000003
3071 1 58.94761909999988
3071 2 45.56797239999992
3071 0 65.27217429999996
3071 1 58.43668550000007
3071 2 46.08944539999993
3071 0 66.25073709999992
3071 1 58.81400600000006
3071 2 44.72274799999991
3071 0 64.61508529999992
3071 1 57.97091020000016
3071 2 44.01592479999999
3071 0 65.39713380000012
3071 1 58.92111969999996
3071 2 44.932003599999916
3071 0 66.57142909999993
3071 1 58.00207730000011
3071 2 44.78616770000008
3071 0 64.8547209000003
3071 1 58.03928050000013
3071 2 44.10752670000011
4031 0 154.16282189999993
4031 1 131.66625999999997
4031 2 102.64540799999986
4031 0 160.4043219
4031 1 131.67125290000013
4031 2 96.82274690000031
4031 0 151.1399405000002
4031 1 128.71679350000022
4031 2 98.2963006
4031 0 151.26792569999998
4031 1 128.21894249999968
4031 2 98.15046359999997
4031 0 155.30640499999936
4031 1 131.98653820000072
4031 2 102.85282749999988
4031 0 162.21149250000053
4031 1 130.62332140000035
4031 2 98.58603259999927
4031 0 152.24635130000024
4031 1 128.38968810000006
4031 2 97.39633229999981
4031 0 152.17740810000032
4031 1 187.05128650000006
4031 2 102.64681380000002
4031 0 160.80125080000016
4031 1 133.59318259999964
4031 2 98.61747039999955
4031 0 155.16260460000012
4031 1 130.07624880000003
4031 2 98.03940639999928
767 0 2.3933318
767 1 1.7703065000000002
767 2 1.5175631000000003
767 0 2.3604075999999994
767 1 1.8759172
767 2 1.5569883999999998
767 0 2.3165724
767 1 1.7422213000000006
767 2 1.480755000000002
767 0 2.4550966999999986
767 1 1.9643401999999988
767 2 1.4811876999999996
767 0 2.2784799999999983
767 1 1.7532206000000023
767 2 1.5190678999999996
767 0 2.3987342999999974
767 1 1.742988399999998
767 2 1.4059735999999958
767 0 2.4944970999999967
767 1 1.8960604000000032
767 2 1.4861422999999974
767 0 2.413951499999996
767 1 1.876312900000002
767 2 1.5031624000000008
767 0 2.3809163000000026
767 1 1.8182714000000004
767 2 1.4078189000000023
767 0 2.3750783999999996
767 1 1.8619843999999972
767 2 1.4679995999999988
1023 0 4.563261100000005
1023 1 3.484480100000006
1023 2 2.825680900000009
1023 0 4.505256200000005
1023 1 3.5630668000000014
1023 2 2.8789785000000023
1023 0 4.541425799999999
1023 1 3.624325500000012
1023 2 2.7573277999999988
1023 0 4.664270999999999
1023 1 3.7078367999999955
1023 2 2.713546699999995
1023 0 4.507981400000006
1023 1 3.567968300000004
1023 2 2.791111200000003
1023 0 4.692614699999993
1023 1 3.960717399999993
1023 2 3.028872199999995
1023 0 4.492172400000015
1023 1 3.641466699999995
1023 2 2.949401999999992
1023 0 4.69970219999999
1023 1 3.778564799999998
1023 2 3.0103074000000163
1023 0 4.748729400000002
1023 1 3.4752494999999897
1023 2 2.8654452000000106
1023 0 4.61571459999999
1023 1 3.5546123000000023
1023 2 2.7889507999999807
1535 0 11.936881800000009
1535 1 9.368713799999995
1535 2 7.394625600000012
1535 0 11.45781980000001
1535 1 9.961748599999993
1535 2 8.076466699999997
1535 0 11.940729199999993
1535 1 9.710312200000004
1535 2 7.463267000000002
1535 0 13.049425400000018
1535 1 9.82818420000001
1535 2 7.4825537000000395
1535 0 11.892918899999984
1535 1 10.202760900000044
1535 2 7.30174310000001
1535 0 11.520657200000016
1535 1 9.382986700000004
1535 2 7.4114562999999976
1535 0 11.770962899999972
1535 1 9.761398799999995
1535 2 7.353107300000033
1535 0 12.655894200000034
1535 1 9.898058899999967
1535 2 7.468273000000011
1535 0 12.572741699999995
1535 1 10.623382800000002
1535 2 7.487566999999956
1535 0 13.006237400000032
1535 1 10.22782520000004
1535 2 7.39497590000002
2047 0 24.27698270000002
2047 1 19.749138399999993
2047 2 15.677183300000024
2047 0 23.356702100000007
2047 1 20.16616119999992
2047 2 15.639436199999977
2047 0 24.88175100000001
2047 1 20.04800220000004
2047 2 15.039709199999947
2047 0 23.846939099999986
2047 1 19.253390299999978
2047 2 15.020059299999957
2047 0 23.541980099999932
2047 1 19.901551900000072
2047 2 15.136510000000044
2047 0 25.870548299999996
2047 1 20.265046700000084
2047 2 15.364705699999945
2047 0 24.29328309999994
2047 1 20.161318800000004
2047 2 15.18965609999998
2047 0 24.236793899999952
2047 1 19.86293180000007
2047 2 15.053784999999948
2047 0 23.292181099999993
2047 1 20.359934899999985
2047 2 15.62289480000004
2047 0 23.558576399999993
2047 1 21.2013151000001
2047 2 15.315280399999892
3071 0 63.43759060000002
3071 1 57.997565200000054
3071 2 44.449182300000075
3071 0 67.31260479999992
3071 1 65.60540949999995
3071 2 49.66803770000001
3071 0 79.81425639999998
3071 1 80.54422470000009
3071 2 62.8711859
3071 0 91.84808309999994
3071 1 86.54699289999985
3071 2 67.22653409999998
3071 0 101.38108820000002
3071 1 85.40013040000008
3071 2 65.22486609999987
3071 0 95.97545790000004
3071 1 85.21919099999968
3071 2 65.3013707
3071 0 98.52283390000002
3071 1 91.30175720000034
3071 2 67.22577999999976
3071 0 99.32311049999998
3071 1 88.12713699999995
3071 2 67.2552442000001
3071 0 100.82598610000014
3071 1 80.78285500000038
3071 2 68.86400049999975
3071 0 100.50888850000001
3071 1 88.58284880000019
3071 2 66.6923982000003
4031 0 232.1175945
4031 1 190.6740603999997
4031 2 146.10347649999994
4031 0 238.7873354000003
4031 1 199.30105789999925
4031 2 143.0520994999997
4031 0 164.59508520000054
4031 1 129.88644759999988
4031 2 98.84211880000021
4031 0 150.7044362000006
4031 1 129.31975760000023
4031 2 99.87596980000035
4031 0 156.67664129999957
4031 1 131.26843610000014
4031 2 99.03738190000058
4031 0 151.06665090000024
4031 1 131.28159459999915
4031 2 99.40533249999953
4031 0 153.00378749999982
4031 1 127.09232919999977
4031 2 99.73305979999986
4031 0 150.98419280000053
4031 1 129.09477380000044
4031 2 98.49964009999985
4031 0 151.96241960000043
4031 1 130.10942169999998
4031 2 96.41701809999995
4031 0 152.03783629999998
4031 1 127.11209809999946
4031 2 98.32693620000009
767 0 2.9439599
767 1 2.2258413000000004
767 2 2.0382207
767 0 2.9563366
767 1 2.4215552999999996
767 2 1.8465896999999991
767 0 3.0521994999999986
767 1 2.1203942
767 2 1.9036736000000012
767 0 2.6709893000000022
767 1 2.349640400000002
767 2 1.7024557999999992
767 0 2.936183400000001
767 1 2.2556355000000003
767 2 1.6690904000000018
767 0 2.5461034
767 1 2.1455391
767 2 1.4957893999999996
767 0 2.6009600000000006
767 1 2.0599007
767 2 1.833407600000001
767 0 3.071979299999999
767 1 2.1138830000000013
767 2 1.7116096000000027
767 0 2.5119968999999998
767 1 2.1580855999999997
767 2 1.9164686999999994
767 0 2.513247700000001
767 1 2.5041338999999994
767 2 1.738069700000004
767 0 2.632050800000002
767 1 2.0752753999999953
767 2 1.483433599999998
767 0 2.8496171999999973
767 1 2.0471992999999955
767 2 1.5457739000000004
767 0 2.3904665000000023
767 1 1.760076699999999
767 2 1.5155315999999956
767 0 2.5763464000000056
767 1 2.1906292999999977
767 2 1.607852600000001
767 0 2.616125799999999
767 1 2.4922559999999976
767 2 1.851479200000007
1023 0 4.829019599999995
1023 1 4.133060999999998
1023 2 3.152926899999997
1023 0 4.405432300000001
1023 1 4.119805400000004
1023 2 3.3477251000000052
1023 0 5.29349049999999
1023 1 3.8470568999999983
1023 2 2.822134500000004
1023 0 4.964324500000004
1023 1 3.884868400000002
1023 2 3.0987301999999914
1023 0 4.571534599999993
1023 1 3.7199937999999975
1023 2 3.002216500000003
1023 0 4.934487099999998
1023 1 4.035961700000001
1023 2 3.4597315000000037
1023 0 4.9600824000000046
1023 1 4.2091297999999995
1023 2 3.0553649000000007
1023 0 4.939784199999991
1023 1 4.052263899999986
1023 2 2.891173000000009
1023 0 4.43521130000002
1023 1 3.3846511000000135
1023 2 2.847503099999983
1023 0 4.684848200000005
1023 1 3.5838229000000013
1023 2 3.4160148999999933
1535 0 11.854158600000005
1535 1 9.441411399999993
1535 2 7.456245599999988
1535 0 11.943017900000001
1535 1 9.601985299999996
1535 2 7.379274600000002
1535 0 12.537723900000003
1535 1 10.809349800000007
1535 2 7.580578400000036
1535 0 11.629295200000001
1535 1 11.367543599999976
1535 2 7.38958329999997
1535 0 11.471484299999986
1535 1 9.432440100000008
1535 2 7.650581499999987
1535 0 11.379808300000036
1535 1 9.390189499999963
1535 2 7.321790700000008
1535 0 12.403389900000036
1535 1 10.176470600000016
1535 2 7.505759000000012
1535 0 13.883723900000007
1535 1 10.160840500000006
1535 2 8.921941899999979
1535 0 12.095394699999986
1535 1 9.562418599999944
1535 2 7.791404399999976
1535 0 11.835674199999971
1535 1 9.451423299999988
1535 2 7.741207899999949
2047 0 24.789795200000015
2047 1 19.841542300000015
2047 2 16.054949299999976
2047 0 24.3611803
2047 1 20.812223599999925
2047 2 15.759147600000006
2047 0 24.39903400000003
2047 1 20.38491799999997
2047 2 17.33358640000006
2047 0 24.87984860000006
2047 1 19.564346799999953
2047 2 16.69497380000007
2047 0 22.977670500000045
2047 1 19.704321899999968
2047 2 16.304134599999998
2047 0 24.751667100000077
2047 1 20.00987699999996
2047 2 17.510817999999972
2047 0 27.864308399999913
2047 1 19.548209900000074
2047 2 16.287916300000006
2047 0 25.088242400000013
2047 1 20.511298399999987
2047 2 14.977530199999933
2047 0 24.49745560000008
2047 1 21.174897699999974
2047 2 16.579998600000067
2047 0 24.887425099999973
2047 1 20.993236400000114
2047 2 16.100665800000115
3071 0 67.78364119999992
3071 1 56.966613399999915
3071 2 44.68225099999995
3071 0 64.4699458
3071 1 60.84254420000002
3071 2 45.95896939999989
3071 0 67.58020910000005
3071 1 60.61448029999997
3071 2 46.22806460000015
3071 0 66.92529549999995
3071 1 59.28113680000001
3071 2 46.75727740000002
3071 0 67.44017529999996
3071 1 61.31148550000012
3071 2 47.32753320000006
3071 0 66.0096394000002
3071 1 61.11130460000004
3071 2 47.76520669999991
3071 0 67.9274175999999
3071 1 62.886923099999876
3071 2 46.99032269999998
3071 0 68.22730199999978
3071 1 60.693087500000274
3071 2 45.9971273000001
3071 0 67.36448160000009
3071 1 62.84232380000003
3071 2 44.82774810000001
3071 0 68.50758849999966
3071 1 59.87265389999993
3071 2 44.10109770000008
4031 0 156.05402159999994
4031 1 133.4059256999999
4031 2 100.96291680000013
4031 0 161.57028609999998
4031 1 133.35166890000028
4031 2 102.01345059999994
4031 0 158.56598039999972
4031 1 134.46353709999994
4031 2 103.1541814000002
4031 0 158.5260944000006
4031 1 131.92307059999985
4031 2 101.91134280000006
4031 0 156.8313648000003
4031 1 134.38578229999985
4031 2 102.75873589999992
4031 0 159.39193969999997
4031 1 137.83944020000035
4031 2 106.44889539999986
4031 0 168.05057319999923
4031 1 137.6645806000006
4031 2 101.26798830000007
4031 0 158.2069564000003
4031 1 129.57626290000007
4031 2 101.00947030000043
4031 0 160.6836146000005
4031 1 135.15398209999967
4031 2 100.3607649000005
4031 0 162.35705599999983
4031 1 137.1764190999993
4031 2 106.88466719999997
767 0 2.3403644
767 1 1.8880699000000005
767 2 1.4611365000000003
767 0 2.6322624999999995
767 1 1.8349411999999994
767 2 1.4846980999999992
767 0 2.508484599999999
767 1 1.8346751000000001
767 2 1.4898014999999987
767 0 2.4574095000000007
767 1 1.8256526999999991
767 2 1.4582438999999994
767 0 2.508547400000001
767 1 1.913230900000002
767 2 1.5177409999999973
767 0 2.599897200000001
767 1 2.445121300000004
767 2 1.6581221
767 0 2.632160000000006
767 1 2.099207100000001
767 2 1.632554000000006
767 0 2.7993146000000024
767 1 2.1436225999999934
767 2 1.5985409999999973
767 0 2.6770566000000002
767 1 2.1414161000000007
767 2 1.755699100000001
767 0 2.6330037999999973
767 1 2.004454899999999
767 2 1.5607526000000007
1023 0 4.9243016
1023 1 3.768741900000009
1023 2 2.872974400000004
1023 0 4.808647199999996
1023 1 3.761840300000003
1023 2 2.8169420000000116
1023 0 4.633417899999998
1023 1 3.7291005000000013
1023 2 2.8681234000000018
1023 0 4.6765709000000015
1023 1 3.4849036999999896
1023 2 2.819067199999992
1023 0 4.656014600000006
1023 1 3.6885751000000084
1023 2 2.9176300999999967
1023 0 4.795188600000003
1023 1 3.764316199999996
1023 2 2.8675865000000016
1023 0 4.647958299999999
1023 1 3.5148464000000104
1023 2 2.9317036999999857
1023 0 4.92381020000002
1023 1 3.737201700000014
1023 2 2.9259860999999887
1023 0 4.635163700000021
1023 1 3.5581757999999866
1023 2 2.8419630999999868
1023 0 4.69888370000001
1023 1 3.6706223000000193
1023 2 2.9723896999999795
1535 0 13.008364099999994
1535 1 10.443833000000012
1535 2 7.725541200000009
1535 0 12.228004700000014
1535 1 9.930140800000004
1535 2 8.054152999999985
1535 0 12.268872499999986
1535 1 9.724099600000017
1535 2 8.3127341
1535 0 12.11380680000002
1535 1 10.023747200000003
1535 2 7.3826727000000005
1535 0 12.367636299999958
1535 1 9.496196999999995
1535 2 7.411188100000004
1535 0 11.878774999999962
1535 1 9.622253200000046
1535 2 7.5172991000000025
1535 0 12.10350539999996
1535 1 9.866906700000015
1535 2 7.438540499999988
1535 0 11.525990899999954
1535 1 9.632715200000007
1535 2 7.683874400000036
1535 0 12.057856399999991
1535 1 10.394401800000026
1535 2 8.087478599999997
1535 0 11.706588100000033
1535 1 10.377758900000003
1535 2 7.8259224000000245
2047 0 23.25510330000003
2047 1 20.514611299999956
2047 2 16.78055049999989
2047 0 23.705421299999898
2047 1 20.05770480000001
2047 2 15.663889499999982
2047 0 23.858577500000024
2047 1 19.35707489999993
2047 2 15.339123099999938
2047 0 23.96912150000003
2047 1 20.392640299999925
2047 2 16.21602580000001
2047 0 23.022211200000015
2047 1 19.78048000000001
2047 2 15.150202499999978
2047 0 23.64325120000001
2047 1 20.191171199999985
2047 2 15.149621499999967
2047 0 23.49294050000003
2047 1 19.90829389999999
2047 2 15.598857300000077
2047 0 23.6414757
2047 1 19.44552299999998
2047 2 15.138936699999931
2047 0 24.395394900000042
2047 1 20.28701920000003
2047 2 15.002763000000073
2047 0 23.082132
2047 1 19.71545110000011
2047 2 15.00896160000002
3071 0 65.22577060000003
3071 1 56.979266199999984
3071 2 43.30929379999998
3071 0 64.55154379999999
3071 1 56.78397590000009
3071 2 43.984789399999954
3071 0 65.23688379999999
3071 1 57.45067479999989
3071 2 44.202109600000085
3071 0 64.66997289999995
3071 1 57.72699539999985
3071 2 45.83425379999994
3071 0 67.31030399999986
3071 1 63.40937090000011
3071 2 51.33532050000008
3071 0 74.41064940000001
3071 1 68.37967919999983
3071 2 57.62761420000015
3071 0 79.1527087999998
3071 1 72.18303240000023
3071 2 54.82813480000004
3071 0 77.39376619999985
3071 1 68.97107490000008
3071 2 51.29342659999975
3071 0 79.80829970000013
3071 1 68.90391120000004
3071 2 49.790411100000256
3071 0 84.01982700000008
3071 1 72.99209189999965
3071 2 54.1038438999999
4031 0 195.64236130000018
4031 1 168.47146969999994
4031 2 124.22134159999996
4031 0 195.0333381999999
4031 1 148.5431338999997
4031 2 117.62894540000025
4031 0 179.13989230000016
4031 1 137.4675842000006
4031 2 114.5022141999998
4031 0 187.01730969999971
4031 1 156.83199330000025
4031 2 116.2477471000002
4031 0 183.6867302999999
4031 1 158.00370980000025
4031 2 123.22855459999937
4031 0 182.87334399999963
4031 1 133.63955999999962
4031 2 100.05005680000068
4031 0 158.04969960000017
4031 1 130.00559449999946
4031 2 98.88468029999967
4031 0 155.1527004999998
4031 1 129.71916630000032
4031 2 102.79260689999956
4031 0 157.50834699999996
4031 1 131.26608170000054
4031 2 101.00543109999944
4031 0 160.00053860000025
4031 1 139.67013679999945
4031 2 114.49030360000052
767 0 2.5213921000000004
767 1 1.8462473999999998
767 2 1.4100748999999997
767 0 2.6717288000000012
767 1 1.9283580000000011
767 2 1.4457208000000001
767 0 2.363890699999999
767 1 1.7315789000000006
767 2 1.4539274000000013
767 0 2.3172847999999995
767 1 1.811445899999999
767 2 1.406554400000001
767 0 2.447539299999999
767 1 1.9736098999999996
767 2 1.4262758000000026
767 0 2.306628
767 1 1.7733622999999987
767 2 1.4088999000000015
767 0 2.7843289999999996
767 1 1.8805085999999989
767 2 1.395280899999996
767 0 2.3180857999999986
767 1 1.7412287000000006
767 2 1.3738922000000002
767 0 2.2939105999999967
767 1 1.730798
767 2 1.3739606999999978
767 0 2.269576999999998
767 1 1.6988261999999992
767 2 1.3960079000000007
1023 0 4.501184100000003
1023 1 3.4293724000000054
1023 2 2.9670128000000062
1023 0 4.570492999999999
1023 1 3.5409250999999955
1023 2 2.7767610000000076
1023 0 4.777829600000004
1023 1 3.4975378999999975
1023 2 3.2005893999999984
1023 0 4.623079500000003
1023 1 3.6718924000000044
1023 2 2.7404312000000033
1023 0 4.684373699999995
1023 1 3.4243754000000024
1023 2 2.727559900000003
1023 0 4.50007029999999
1023 1 3.6509366000000085
1023 2 3.0035699000000022
1023 0 4.50134589999999
1023 1 3.356705500000004
1023 2 2.678859200000005
1023 0 4.435197499999987
1023 1 3.5272159999999815
1023 2 2.8068016
1023 0 4.735650499999991
1023 1 3.496014200000019
1023 2 2.7091277000000105
1023 0 4.490101799999991
1023 1 3.470167800000013
1023 2 2.936181800000014
1535 0 12.893949200000009
1535 1 10.619151700000003
1535 2 7.964776399999977
1535 0 12.11219699999998
1535 1 10.125700600000016
1535 2 7.715553700000015
1535 0 13.249727500000006
1535 1 9.976089099999996
1535 2 7.80185130000001
1535 0 12.447299999999984
1535 1 9.85043810000002
1535 2 7.726317900000026
1535 0 12.068107699999985
1535 1 9.798650500000008
1535 2 7.39594059999996
1535 0 12.161834799999951
1535 1 9.9462623
1535 2 8.626285499999994
1535 0 13.105155000000025
1535 1 9.720737999999983
1535 2 7.527275400000008
1535 0 11.988574900000003
1535 1 10.459181600000022
1535 2 8.450480699999957
1535 0 12.665955999999994
1535 1 10.583100000000002
1535 2 7.834988100000032
1535 0 12.269389699999977
1535 1 9.591644599999995
1535 2 7.60340819999999
2047 0 24.385284599999977
2047 1 21.15086690000004
2047 2 15.666749000000095
2047 0 23.714703900000018
2047 1 21.130241699999942
2047 2 16.261899599999992
2047 0 23.89621360000001
2047 1 20.57964329999993
2047 2 16.369420699999978
2047 0 24.356801200000064
2047 1 20.494434899999987
2047 2 15.308249400000022
2047 0 24.013378500000044
2047 1 20.677384599999982
2047 2 17.074563099999978
2047 0 23.769547099999954
2047 1 19.844137000000046
2047 2 15.185181700000044
2047 0 24.65702310000006
2047 1 20.85939189999999
2047 2 15.496031599999924
2047 0 23.223404699999946
2047 1 19.393814499999962
2047 2 15.291064499999948
2047 0 23.380573899999945
2047 1 20.55473489999997
2047 2 15.940266399999928
2047 0 25.660357399999953
2047 1 19.938143200000013
2047 2 15.611371299999973
3071 0 65.62725319999981
3071 1 59.671161900000016
3071 2 44.48043830000006
3071 0 67.12959990000013
3071 1 60.135485100000096
3071 2 44.59059120000006
3071 0 64.56757479999987
3071 1 61.092923000000155
3071 2 44.26519099999996
3071 0 63.622671699999955
3071 1 58.50202330000002
3071 2 44.00609630000008
3071 0 65.06106040000009
3071 1 59.32582810000008
3071 2 45.74392469999998
3071 0 63.209286599999814
3071 1 56.91102030000002
3071 2 44.28930480000008
3071 0 66.5083454999999
3071 1 58.288422600000104
3071 2 45.275892399999975
3071 0 65.21205650000002
3071 1 57.18181189999996
3071 2 44.22767539999995
3071 0 64.54342459999998
3071 1 57.230007800000294
3071 2 44.18702029999986
3071 0 65.05780760000016
3071 1 58.06773350000003
3071 2 42.844901800000116
4031 0 153.85404130000006
4031 1 341.1983153000001
4031 2 101.5418367999996
4031 0 157.26357099999996
4031 1 132.16229650000014
4031 2 99.5326798000001
4031 0 161.89226400000007
4031 1 133.91350600000033
4031 2 101.0663585999996
4031 0 157.46355349999976
4031 1 130.05315359999986
4031 2 100.57987349999985
4031 0 155.86825000000044
4031 1 129.77541949999977
4031 2 98.40403329999936
4031 0 154.56181949999973
4031 1 129.36082950000036
4031 2 100.63495629999943
4031 0 159.49050669999997
4031 1 130.36341619999985
4031 2 98.02045000000089
4031 0 153.3682474999996
4031 1 131.68389729999944
4031 2 100.35947540000052
4031 0 155.96328399999948
4031 1 130.0564605999998
4031 2 98.03639999999996
4031 0 155.1376562000005
4031 1 129.65748370000074
4031 2 101.22430230000009
