768 0 0.9070474
768 0 0.8640671
768 0 0.7994586999999997
768 0 0.7326502000000001
768 0 0.7403185999999997
768 0 0.8118857999999998
768 0 0.8385468999999999
768 0 0.8119742000000008
768 0 0.8098714999999999
768 0 0.7800069999999995
768 1 0.4528704999999995
768 1 0.4869419999999991
768 1 0.46683949999999896
768 1 0.4746372000000001
768 1 0.4728640000000013
768 1 0.5178995999999998
768 1 0.4596403999999996
768 1 0.4479766000000005
768 1 0.467269700000001
768 1 0.46238139999999994
768 2 0.40321299999999916
768 2 0.38695650000000015
768 2 0.3921012000000008
768 2 0.3899513999999993
768 2 0.3870100000000001
768 2 0.37828599999999923
768 2 0.408495499999999
768 2 0.40298050000000174
768 2 0.36823479999999975
768 2 0.36106570000000104
1024 0 1.387288899999998
1024 0 1.4302171999999977
1024 0 1.5444204
1024 0 1.3975523999999986
1024 0 1.5076766999999975
1024 0 1.4841659000000007
1024 0 1.5226825999999996
1024 0 1.4588123999999993
1024 0 1.4864844999999995
1024 0 1.4526179
1024 1 0.8926454000000028
1024 1 0.8801168000000033
1024 1 0.9260395000000017
1024 1 0.9305080999999973
1024 1 0.8597259000000008
1024 1 0.9293558999999973
1024 1 0.9818567999999956
1024 1 0.906285699999998
1024 1 0.9304069000000013
1024 1 0.9735216999999992
1024 2 0.7607378000000011
1024 2 0.7327481999999961
1024 2 0.7091169999999991
1024 2 0.6860799000000029
1024 2 0.7758965999999958
1024 2 0.8077588999999961
1024 2 0.7881471000000033
1024 2 0.7082333999999975
1024 2 0.7313535999999985
1024 2 0.8042498000000009
1536 0 3.7944916000000006
1536 0 3.8429720999999972
1536 0 3.8636483000000013
1536 0 4.009506700000003
1536 0 3.879774399999995
1536 0 3.9831557000000117
1536 0 3.951061899999999
1536 0 3.8062869000000035
1536 0 3.9832751999999942
1536 0 4.137054500000005
1536 1 2.6855462000000045
1536 1 2.6444879999999955
1536 1 2.723170600000003
1536 1 2.5958662000000032
1536 1 2.561797900000002
1536 1 2.5320686999999964
1536 1 2.4966811000000035
1536 1 2.4762561000000005
1536 1 2.7064783999999946
1536 1 2.593059100000005
1536 2 1.9467290999999989
1536 2 1.9722983999999997
1536 2 1.980138800000006
1536 2 2.145374799999999
1536 2 2.1030680000000075
1536 2 2.147196799999989
1536 2 1.9735964999999993
1536 2 2.306848699999989
1536 2 2.052962100000002
1536 2 2.133130399999999
2048 0 8.071751200000023
2048 0 8.237384899999995
2048 0 7.948717799999997
2048 0 7.924199999999985
2048 0 7.8113897000000065
2048 0 7.714140299999997
2048 0 7.83772350000001
2048 0 7.710240499999998
2048 0 7.759160399999985
2048 0 7.848913799999991
2048 1 5.345624599999979
2048 1 5.5197749999999814
2048 1 5.354172799999986
2048 1 5.546727899999979
2048 1 5.508891599999998
2048 1 5.274097600000005
2048 1 5.648857800000002
2048 1 5.483752099999975
2048 1 5.503298099999995
2048 1 5.465836400000001
2048 2 4.310826700000007
2048 2 4.164012200000002
2048 2 4.2435978999999975
2048 2 4.049693600000012
2048 2 4.129987200000016
2048 2 4.253907799999979
2048 2 4.114854500000035
2048 2 4.4209108000000015
2048 2 4.1173934999999915
2048 2 4.297519600000044
3072 0 20.853902500000004
3072 0 20.92194010000003
3072 0 21.205471599999953
3072 0 21.286634200000037
3072 0 21.194866100000013
3072 0 20.665240799999992
3072 0 20.818341199999963
3072 0 21.274455700000033
3072 0 21.463667799999996
3072 0 21.400042100000007
3072 1 15.207079900000053
3072 1 15.434246400000006
3072 1 15.446559500000035
3072 1 15.435649600000033
3072 1 15.172038999999927
3072 1 15.558036000000016
3072 1 15.061847300000068
3072 1 15.157759700000042
3072 1 14.989068400000065
3072 1 15.388983899999971
3072 2 11.721067800000014
3072 2 11.594946199999981
3072 2 11.505803900000046
3072 2 11.553456400000073
3072 2 11.737141199999996
3072 2 11.557523199999991
3072 2 11.790174200000024
3072 2 11.775619199999937
3072 2 11.808863299999985
3072 2 12.196150800000055
4032 0 50.00695930000006
4032 0 50.27440530000001
4032 0 49.809221699999966
4032 0 49.225989899999945
4032 0 49.628137299999935
4032 0 49.85209059999988
4032 0 48.761179200000015
4032 0 49.03407939999988
4032 0 49.476724099999956
4032 0 48.50558980000005
4032 1 34.163983099999996
4032 1 33.96403059999989
4032 1 33.96924829999989
4032 1 33.82535729999995
4032 1 34.5468649999998
4032 1 34.35323500000004
4032 1 33.45355760000007
4032 1 33.72138249999989
4032 1 33.86295519999999
4032 1 34.53974130000006
4032 2 25.9937574999999
4032 2 26.437891099999888
4032 2 26.06268339999997
4032 2 26.072363900000028
4032 2 25.91488860000004
4032 2 26.525496100000055
4032 2 26.623390400000062
4032 2 26.700227600000062
4032 2 27.0377096000002
4032 2 26.825975599999992
768 0 0.7188145
768 0 0.8644293
768 0 0.7567997999999998
768 0 0.7398164
768 0 0.7934285000000001
768 0 0.8322038000000003
768 0 0.8464990000000006
768 0 0.8469961000000001
768 0 0.7849062999999994
768 0 0.8287762000000001
768 1 0.45400429999999936
768 1 0.46457630000000094
768 1 0.5153200999999985
768 1 0.4961873999999984
768 1 0.47378800000000076
768 1 0.4476008
768 1 0.5093715000000003
768 1 0.5134916999999994
768 1 0.4484338000000001
768 1 0.5240381999999997
768 2 0.38720589999999966
768 2 0.4033186000000004
768 2 0.44589490000000076
768 2 0.37605229999999956
768 2 0.3794077999999992
768 2 0.37949469999999863
768 2 0.3943367999999996
768 2 0.376562100000001
768 2 0.3792599999999986
768 2 0.4793467000000007
1024 0 1.5165004999999994
1024 0 1.456818300000002
1024 0 1.4956691000000006
1024 0 1.475787099999998
1024 0 1.5777590000000004
1024 0 1.5102574000000004
1024 0 1.389214899999999
1024 0 1.3826366000000014
1024 0 1.5459840000000007
1024 0 1.3974583000000003
1024 1 0.8843330999999992
1024 1 1.1335108000000034
1024 1 1.0125290999999947
1024 1 0.9386034999999993
1024 1 0.9114784
1024 1 0.8887002999999964
1024 1 1.0510057000000046
1024 1 1.0211597999999995
1024 1 0.9281884999999974
1024 1 0.8878362000000024
1024 2 0.6895006000000024
1024 2 0.7564050000000009
1024 2 0.8069909999999965
1024 2 0.7568595000000045
1024 2 0.8335653999999977
1024 2 0.6982102000000054
1024 2 0.7685136999999997
1024 2 0.8077232999999993
1024 2 0.7352155999999965
1024 2 0.8082156999999981
1536 0 3.995098800000001
1536 0 4.088260599999998
1536 0 4.114210999999997
1536 0 3.862150100000001
1536 0 3.8646253
1536 0 3.7736452999999983
1536 0 4.1402240999999975
1536 0 4.1087232
1536 0 3.8602537999999953
1536 0 3.779458699999992
1536 1 2.611122299999991
1536 1 2.6131990000000087
1536 1 2.536172800000003
1536 1 2.581226700000002
1536 1 2.605290800000006
1536 1 2.7643342999999874
1536 1 2.665345500000001
1536 1 2.510890599999996
1536 1 2.7853020999999956
1536 1 2.551840200000001
1536 2 2.033299200000002
1536 2 2.0642422999999894
1536 2 1.9447013999999996
1536 2 1.970236099999994
1536 2 2.094797799999995
1536 2 2.1325273000000067
1536 2 2.1368982999999844
1536 2 1.99438889999999
1536 2 2.1737367000000063
1536 2 2.208098199999995
2048 0 7.680140399999999
2048 0 7.675039400000003
2048 0 8.127693499999992
2048 0 8.17153780000001
2048 0 8.165790999999984
2048 0 7.841561800000022
2048 0 8.175156200000004
2048 0 8.089962499999984
2048 0 7.800936500000006
2048 0 7.9341354999999965
2048 1 5.311768099999995
2048 1 5.476695199999995
2048 1 5.352792099999988
2048 1 5.539559300000008
2048 1 5.514849200000015
2048 1 5.525926599999991
2048 1 5.298865599999999
2048 1 5.402926699999966
2048 1 5.310174200000006
2048 1 5.6054083999999875
2048 2 4.11382169999996
2048 2 4.106944999999996
2048 2 4.140033399999993
2048 2 4.274004999999988
2048 2 4.318903400000011
2048 2 4.594605200000046
2048 2 4.489921200000026
2048 2 4.403571299999953
2048 2 4.3370641000000205
2048 2 4.391464699999972
768 0 0.7142040000000001
768 1 0.43392189999999997
768 2 0.34593320000000016
1024 0 1.4154797000000001
1024 1 0.8449324999999996
1024 2 0.6657477999999992
1536 0 3.4514996999999994
1536 1 2.6092657999999993
1536 2 1.9704195999999996
2048 0 7.267546300000001
2048 1 5.026951699999998
2048 2 3.9091656000000015
3072 0 19.755115699999998
3072 1 15.058827700000002
3072 2 10.9451903
4032 0 45.602567300000004
4032 1 31.901230700000013
4032 2 24.19960230000001
768 0 0.8057307
768 1 0.49191779999999996
768 2 0.36942580000000014
1024 0 1.5477584999999998
1024 1 0.9393521000000002
1024 2 0.7010502000000001
1536 0 3.9820938000000003
1536 1 2.6354671000000014
1536 2 2.0610798999999993
2048 0 7.706352700000002
2048 1 5.422793199999997
2048 2 4.096741599999998
3072 0 20.2088536
3072 1 14.8972914
3072 2 11.4802203
4032 0 48.845260800000005
4032 1 34.029331299999996
4032 2 25.951358900000002
768 0 0.7028593999999999
768 1 0.4501803999999999
768 2 0.4705828999999999
1024 0 1.3764574
1024 1 0.8367163
1024 2 0.7039121000000002
1536 0 3.5688319
1536 1 2.4138462
1536 2 1.9148202000000012
2048 0 7.304087499999998
2048 1 5.1102013
2048 2 4.069664700000001
3072 0 20.099397200000002
3072 1 14.7127433
3072 2 11.411209400000004
4032 0 47.053632199999996
4032 1 33.06806569999999
4032 2 25.444639499999994
768 0 0.8459838
768 1 0.4879403
768 2 0.38265249999999984
1024 0 1.515348
1024 1 0.9657321999999997
1024 2 0.7101724000000003
1536 0 3.6756542999999997
1536 1 2.4437884000000007
1536 2 1.9277630000000006
2048 0 7.643462899999998
2048 1 5.328695200000002
2048 2 4.077966500000002
3072 0 20.663155300000003
3072 1 14.983941399999999
3072 2 11.408381199999994
4032 0 48.4212201
4032 1 34.481727899999996
4032 2 26.157506299999994
768 0 0.7146071
768 1 0.44639470000000003
768 2 0.36011440000000006
1024 0 1.4051746999999999
1024 1 0.9611641
1024 2 0.7585495
1536 0 3.6782882
1536 1 2.392101200000001
1536 2 1.8914779
2048 0 7.371712500000001
2048 1 5.183584500000002
2048 2 3.8787736000000024
3072 0 20.126565600000003
3072 1 14.901077999999998
3072 2 11.4459801
4032 0 47.248766200000006
4032 1 35.3267165
4032 2 26.151716599999986
768 0 0.6936734999999999
768 1 0.4300039
768 2 0.34371129999999983
1024 0 1.3517459
1024 1 0.9519536999999998
1024 2 0.7405270000000002
1536 0 3.864446600000001
1536 1 2.5096638000000002
1536 2 1.928343700000001
2048 0 7.460261500000001
2048 1 5.159506800000003
2048 2 3.9682869000000025
3072 0 19.933147599999998
3072 1 14.672358900000006
3072 2 11.373819100000006
4032 0 47.136041399999996
4032 1 33.36235770000002
4032 2 25.5365271
768 0 0.8252644
768 1 0.5784529
768 2 0.5042331
1024 0 1.6657695000000001
1024 1 1.1798452999999998
1024 2 0.9161989000000004
1536 0 4.5247802
1536 1 3.1659228000000006
1536 2 2.2692926
2048 0 8.8612123
2048 1 5.8898855999999995
2048 2 4.3428082
3072 0 22.427374
3072 1 15.485104500000006
3072 2 11.470554399999997
4032 0 51.19186380000001
4032 1 32.93773710000002
4032 2 25.59981210000001
768 0 0.8666763000000001
768 1 0.5581229999999999
768 2 0.4515216000000002
1024 0 1.6539992
1024 1 1.0225727999999998
1024 2 0.8094258000000005
1536 0 4.6822848
1536 1 3.133051700000001
1536 2 2.3672556
2048 0 8.622954499999999
2048 1 5.9552139
2048 2 4.663599300000001
3072 0 21.371287199999998
3072 1 15.755266599999999
3072 2 11.888677999999999
4032 0 47.4817939
4032 1 33.85649999999998
4032 2 25.095540900000003
768 0 0.6946494999999999
768 1 0.43968989999999997
768 2 0.4571446000000001
1024 0 1.4479192
1024 1 0.9787591
1024 2 0.7366085
1536 0 3.7976801999999994
1536 1 2.375768299999999
1536 2 2.0568834999999996
2048 0 7.481165800000001
2048 1 5.425556
2048 2 4.101099600000001
3072 0 22.6619408
3072 1 15.781290099999993
3072 2 11.379375499999995
4032 0 47.691037699999995
4032 1 33.53829929999999
4032 2 26.09060790000001
768 0 0.7273324
768 1 0.43934660000000014
768 2 0.35954700000000006
1024 0 1.5857516999999999
1024 1 1.09632
1024 2 0.8640619999999997
1536 0 3.6227716
1536 1 2.4632562999999994
1536 2 2.1721269999999997
2048 0 7.239206199999998
2048 1 5.511628699999999
2048 2 4.009422799999999
3072 0 21.5590357
3072 1 15.5815105
3072 2 11.317894299999992
4032 0 48.9832004
4032 1 33.836661500000005
4032 2 26.61377669999999
